Now: 12/07/2019 15:24:22
Battery Level: 1.2V
MiniCTD: S/N 49833
Site info: Bleble
Calibrated: 01/01/2001
Latitude: 0.000000
Mode: M4
Tare: 10.0934
Pressure units: dBar
12/07/2019 15:24:22	0.004	17.132	0.014	0.014	-1.236	1473.223	
12/07/2019 15:24:22	0.004	17.136	0.014	0.014	-1.237	1473.237	
12/07/2019 15:24:22	0.005	17.138	0.016	0.015	-1.237	1473.244	
12/07/2019 15:24:22	0.005	17.139	0.014	0.014	-1.237	1473.247	
12/07/2019 15:24:23	0.004	17.141	0.015	0.014	-1.237	1473.254	
12/07/2019 15:24:23	0.004	17.141	0.014	0.014	-1.238	1473.253	
12/07/2019 15:24:23	0.004	17.142	0.015	0.014	-1.238	1473.257	
12/07/2019 15:24:23	0.004	17.141	0.017	0.015	-1.237	1473.255	
12/07/2019 15:24:24	0.004	17.143	0.014	0.014	-1.238	1473.260	
12/07/2019 15:24:24	0.005	17.142	0.017	0.015	-1.237	1473.258	
12/07/2019 15:24:24	0.005	17.141	0.015	0.014	-1.237	1473.254	
12/07/2019 15:24:24	0.005	17.142	0.015	0.014	-1.238	1473.257	
12/07/2019 15:24:25	0.004	17.141	0.016	0.015	-1.237	1473.254	
12/07/2019 15:24:25	0.004	17.142	0.016	0.015	-1.237	1473.258	
12/07/2019 15:24:25	0.005	17.141	0.015	0.014	-1.237	1473.254	
12/07/2019 15:24:25	0.004	17.142	0.014	0.014	-1.238	1473.257	
12/07/2019 15:24:26	0.004	17.141	0.017	0.015	-1.237	1473.255	
12/07/2019 15:24:26	0.004	17.141	0.014	0.014	-1.238	1473.253	
12/07/2019 15:24:26	0.005	17.142	0.016	0.015	-1.237	1473.258	
12/07/2019 15:24:26	0.004	17.144	0.013	0.013	-1.239	1473.263	
12/07/2019 15:24:27	0.004	17.144	0.015	0.014	-1.238	1473.264	
12/07/2019 15:24:27	0.004	17.143	0.016	0.015	-1.237	1473.261	
12/07/2019 15:24:27	0.003	17.144	0.015	0.014	-1.238	1473.264	
12/07/2019 15:24:27	0.004	17.145	0.014	0.014	-1.238	1473.267	
12/07/2019 15:24:28	0.003	17.147	0.014	0.014	-1.239	1473.273	
12/07/2019 15:24:28	0.004	17.15	0.016	0.015	-1.239	1473.284	
12/07/2019 15:24:28	0.004	17.15	0.016	0.015	-1.239	1473.284	
12/07/2019 15:24:28	0.004	17.15	0.016	0.015	-1.239	1473.284	
12/07/2019 15:24:29	0.004	17.152	0.015	0.014	-1.239	1473.290	
12/07/2019 15:24:29	0.004	17.152	0.013	0.013	-1.240	1473.289	
12/07/2019 15:24:29	0.005	17.153	0.016	0.015	-1.239	1473.294	
12/07/2019 15:24:29	0.004	17.153	0.015	0.014	-1.240	1473.294	
12/07/2019 15:24:30	0.005	17.154	0.015	0.014	-1.240	1473.297	
12/07/2019 15:24:30	0.005	17.153	0.014	0.014	-1.240	1473.293	
12/07/2019 15:24:30	0.004	17.152	0.015	0.014	-1.239	1473.290	
12/07/2019 15:24:30	0.004	17.153	0.016	0.015	-1.239	1473.294	
12/07/2019 15:24:31	0.004	17.152	0.017	0.015	-1.239	1473.291	
12/07/2019 15:24:31	0.004	17.153	0.017	0.015	-1.239	1473.295	
12/07/2019 15:24:31	0.004	17.152	0.016	0.015	-1.239	1473.291	
12/07/2019 15:24:31	0.003	17.153	0.015	0.014	-1.240	1473.294	
12/07/2019 15:24:32	0.004	17.153	0.013	0.013	-1.240	1473.292	
12/07/2019 15:24:32	0.004	17.155	0.015	0.014	-1.240	1473.300	
12/07/2019 15:24:32	0.004	17.154	0.015	0.014	-1.240	1473.297	
12/07/2019 15:24:32	0.004	17.155	0.013	0.013	-1.241	1473.299	
12/07/2019 15:24:33	0.003	17.155	0.016	0.015	-1.240	1473.301	
12/07/2019 15:24:33	0.003	17.154	0.015	0.014	-1.240	1473.297	
12/07/2019 15:24:33	0.004	17.155	0.015	0.014	-1.240	1473.300	
12/07/2019 15:24:33	0.005	17.154	0.016	0.015	-1.239	1473.297	
12/07/2019 15:24:34	0.005	17.154	0.015	0.014	-1.240	1473.297	
12/07/2019 15:24:34	0.005	17.154	0.015	0.014	-1.240	1473.297	
12/07/2019 15:24:34	0.005	17.153	0.015	0.014	-1.239	1473.294	
12/07/2019 15:24:34	0.005	17.155	0.015	0.014	-1.240	1473.300	
12/07/2019 15:24:35	0.005	17.153	0.015	0.014	-1.239	1473.294	
12/07/2019 15:24:35	0.004	17.153	0.015	0.014	-1.240	1473.294	
12/07/2019 15:24:35	0.004	17.152	0.015	0.014	-1.239	1473.290	
12/07/2019 15:24:35	0.005	17.152	0.016	0.015	-1.239	1473.291	
12/07/2019 15:24:36	0.004	17.153	0.016	0.015	-1.239	1473.294	
12/07/2019 15:24:36	0.004	17.151	0.013	0.013	-1.240	1473.286	
12/07/2019 15:24:36	0.005	17.151	0.014	0.014	-1.240	1473.286	
12/07/2019 15:24:36	0.004	17.151	0.013	0.013	-1.240	1473.286	
12/07/2019 15:24:37	0.004	17.149	0.015	0.014	-1.239	1473.280	
12/07/2019 15:24:37	0.004	17.149	0.017	0.015	-1.238	1473.281	
12/07/2019 15:24:37	0.003	17.148	0.015	0.014	-1.239	1473.277	
12/07/2019 15:24:37	0.004	17.147	0.016	0.015	-1.238	1473.274	
12/07/2019 15:24:38	0.004	17.147	0.016	0.015	-1.238	1473.274	
12/07/2019 15:24:38	0.004	17.146	0.016	0.015	-1.238	1473.271	
12/07/2019 15:24:38	0.004	17.146	0.016	0.015	-1.238	1473.271	
12/07/2019 15:24:38	0.004	17.144	0.016	0.015	-1.238	1473.264	
12/07/2019 15:24:39	0.004	17.144	0.014	0.014	-1.238	1473.263	
12/07/2019 15:24:39	0.005	17.147	0.015	0.014	-1.238	1473.274	
12/07/2019 15:24:39	0.004	17.147	0.016	0.015	-1.238	1473.274	
12/07/2019 15:24:39	0.005	17.149	0.016	0.015	-1.238	1473.281	
12/07/2019 15:24:40	0.004	17.15	0.015	0.014	-1.239	1473.284	
12/07/2019 15:24:40	0.004	17.15	0.016	0.015	-1.239	1473.284	
12/07/2019 15:24:40	0.005	17.149	0.015	0.014	-1.239	1473.280	
12/07/2019 15:24:40	0.005	17.149	0.015	0.014	-1.239	1473.280	
12/07/2019 15:24:41	0.005	17.147	0.016	0.015	-1.238	1473.274	
12/07/2019 15:24:41	0.005	17.146	0.015	0.014	-1.238	1473.270	
12/07/2019 15:24:41	0.005	17.145	0.015	0.014	-1.238	1473.267	
12/07/2019 15:24:41	0.005	17.144	0.015	0.014	-1.238	1473.264	
12/07/2019 15:24:42	0.004	17.141	0.015	0.014	-1.237	1473.254	
12/07/2019 15:24:42	0.004	17.14	0.016	0.015	-1.237	1473.251	
12/07/2019 15:24:42	0.004	17.14	0.015	0.014	-1.237	1473.251	
12/07/2019 15:24:42	0.004	17.139	0.015	0.014	-1.237	1473.247	
12/07/2019 15:24:43	0.004	17.138	0.017	0.015	-1.236	1473.245	
12/07/2019 15:24:43	0.004	17.138	0.016	0.015	-1.237	1473.244	
12/07/2019 15:24:43	0.004	17.138	0.015	0.014	-1.237	1473.244	
12/07/2019 15:24:43	0.004	17.137	0.016	0.015	-1.236	1473.241	
12/07/2019 15:24:44	0.005	17.137	0.015	0.014	-1.237	1473.241	
12/07/2019 15:24:44	0.005	17.137	0.014	0.014	-1.237	1473.240	
12/07/2019 15:24:44	0.004	17.137	0.014	0.014	-1.237	1473.240	
12/07/2019 15:24:44	0.004	17.137	0.016	0.015	-1.236	1473.241	
12/07/2019 15:24:45	0.004	17.137	0.014	0.014	-1.237	1473.240	
12/07/2019 15:24:45	0.004	17.135	0.014	0.014	-1.237	1473.233	
12/07/2019 15:24:45	0.003	17.136	0.013	0.013	-1.237	1473.236	
12/07/2019 15:24:45	0.004	17.137	0.013	0.013	-1.237	1473.239	
12/07/2019 15:24:46	0.004	17.138	0.009	0.012	-1.239	1473.241	
12/07/2019 15:24:46	0.004	17.14	0.012	0.013	-1.238	1473.249	
12/07/2019 15:24:46	0.005	17.142	0.011	0.012	-1.239	1473.255	
12/07/2019 15:24:46	0.005	17.147	0.013	0.013	-1.239	1473.273	
12/07/2019 15:24:47	0.004	17.149	0.013	0.013	-1.240	1473.279	
12/07/2019 15:24:47	0.005	17.148	0.012	0.013	-1.240	1473.275	
12/07/2019 15:24:47	0.005	17.145	0.011	0.012	-1.239	1473.265	
12/07/2019 15:24:47	0.005	17.142	0.01	0.012	-1.239	1473.254	
12/07/2019 15:24:48	0.004	17.137	0.009	0.012	-1.239	1473.237	
12/07/2019 15:24:48	0.004	17.136	0.011	0.012	-1.238	1473.235	
12/07/2019 15:24:48	0.004	17.135	0.011	0.012	-1.238	1473.232	
12/07/2019 15:24:48	0.004	17.132	0.012	0.013	-1.237	1473.222	
12/07/2019 15:24:49	0.003	17.127	0.013	0.013	-1.236	1473.206	
12/07/2019 15:24:49	0.003	17.124	0.012	0.013	-1.235	1473.196	
12/07/2019 15:24:49	0.004	17.119	0.012	0.013	-1.235	1473.179	
12/07/2019 15:24:49	0.003	17.115	0.013	0.013	-1.234	1473.167	
12/07/2019 15:24:50	0.004	17.112	0.011	0.012	-1.234	1473.156	
12/07/2019 15:24:50	0.004	17.111	0.011	0.012	-1.234	1473.152	
12/07/2019 15:24:50	0.004	17.11	0.011	0.012	-1.233	1473.149	
12/07/2019 15:24:50	0.004	17.108	0.01	0.012	-1.233	1473.142	
12/07/2019 15:24:51	0.004	17.105	0.011	0.012	-1.232	1473.132	
12/07/2019 15:24:51	0.004	17.104	0.011	0.012	-1.232	1473.129	
12/07/2019 15:24:51	0.004	17.101	0.009	0.012	-1.232	1473.118	
12/07/2019 15:24:51	0.004	17.099	0.009	0.012	-1.232	1473.111	
12/07/2019 15:24:52	0.004	17.097	0.011	0.012	-1.231	1473.106	
12/07/2019 15:24:52	0.004	17.097	0.009	0.012	-1.232	1473.105	
12/07/2019 15:24:52	0.003	17.095	0.01	0.012	-1.231	1473.099	
12/07/2019 15:24:52	0.002	17.094	0.01	0.012	-1.231	1473.095	
12/07/2019 15:24:53	0.004	17.093	0.01	0.012	-1.231	1473.092	
12/07/2019 15:24:53	0.004	17.09	0.01	0.012	-1.230	1473.082	
12/07/2019 15:24:53	0.004	17.086	0.01	0.012	-1.230	1473.069	
12/07/2019 15:24:53	0.003	17.082	0.01	0.012	-1.229	1473.056	
12/07/2019 15:24:54	0.003	17.08	0.011	0.012	-1.228	1473.049	
12/07/2019 15:24:54	0.003	17.08	0.01	0.012	-1.228	1473.049	
12/07/2019 15:24:54	0.004	17.08	0.01	0.012	-1.228	1473.049	
12/07/2019 15:24:54	0.003	17.08	0.013	0.013	-1.227	1473.051	
12/07/2019 15:24:55	0.003	17.078	0.013	0.013	-1.227	1473.044	
12/07/2019 15:24:55	0.003	17.076	0.011	0.012	-1.227	1473.036	
12/07/2019 15:24:55	0.003	17.071	0.01	0.012	-1.227	1473.019	
12/07/2019 15:24:55	0.003	17.07	0.01	0.012	-1.227	1473.016	
12/07/2019 15:24:56	0.004	17.069	0.01	0.012	-1.227	1473.012	
12/07/2019 15:24:56	0.004	17.068	0.009	0.012	-1.227	1473.009	
12/07/2019 15:24:56	0.003	17.068	0.01	0.012	-1.226	1473.009	
12/07/2019 15:24:56	0.003	17.069	0.009	0.012	-1.227	1473.012	
12/07/2019 15:24:57	0.003	17.068	0.008	0.011	-1.227	1473.008	
12/07/2019 15:24:57	0.003	17.065	0.011	0.012	-1.226	1473.000	
12/07/2019 15:24:57	0.004	17.065	0.011	0.012	-1.226	1473.000	
12/07/2019 15:24:57	0.004	17.062	0.01	0.012	-1.225	1472.989	
12/07/2019 15:24:58	0.005	17.061	0.01	0.012	-1.225	1472.986	
12/07/2019 15:24:58	0.004	17.06	0.011	0.012	-1.225	1472.983	
12/07/2019 15:24:58	0.004	17.058	0.011	0.012	-1.224	1472.976	
12/07/2019 15:24:58	0.004	17.054	0.01	0.012	-1.224	1472.963	
12/07/2019 15:24:59	0.003	17.051	0.009	0.012	-1.224	1472.952	
12/07/2019 15:24:59	0.003	17.048	0.011	0.012	-1.223	1472.943	
12/07/2019 15:24:59	0.004	17.045	0.012	0.013	-1.222	1472.934	
12/07/2019 15:24:59	0.003	17.045	0.011	0.012	-1.222	1472.933	
12/07/2019 15:25:00	0.004	17.042	0.01	0.012	-1.222	1472.923	
12/07/2019 15:25:00	0.004	17.04	0.011	0.012	-1.221	1472.917	
12/07/2019 15:25:00	0.004	17.039	0.01	0.012	-1.221	1472.913	
12/07/2019 15:25:00	0.004	17.038	0.01	0.012	-1.221	1472.909	
12/07/2019 15:25:01	0.004	17.038	0.009	0.012	-1.221	1472.909	
12/07/2019 15:25:01	0.003	17.04	0.01	0.012	-1.222	1472.916	
12/07/2019 15:25:01	0.004	17.042	0.011	0.012	-1.222	1472.923	
12/07/2019 15:25:01	0.005	17.044	0.011	0.012	-1.222	1472.930	
12/07/2019 15:25:02	0.005	17.045	0.012	0.013	-1.222	1472.934	
12/07/2019 15:25:02	0.005	17.046	0.011	0.012	-1.222	1472.937	
12/07/2019 15:25:02	0.006	17.045	0.013	0.013	-1.221	1472.934	
12/07/2019 15:25:02	0.005	17.045	0.012	0.013	-1.222	1472.934	
12/07/2019 15:25:03	0.005	17.044	0.007	0.011	-1.223	1472.928	
12/07/2019 15:25:03	-0.007	17.044	0.013	0.013	-1.221	1472.931	
12/07/2019 15:25:03	-0.007	17.045	0.047	0.030	-1.208	1472.954	
12/07/2019 15:25:03	0.072	17.038	7.055	4.649	2.331	1478.322	
12/07/2019 15:25:04	0.245	17.008	9.349	6.295	3.593	1480.120	
12/07/2019 15:25:04	0.213	16.984	10.84	7.387	4.430	1481.295	
12/07/2019 15:25:04	0.177	16.965	10.927	7.454	4.485	1481.310	
12/07/2019 15:25:04	0.203	16.95	10.926	7.456	4.490	1481.263	
12/07/2019 15:25:05	0.258	16.942	10.927	7.459	4.493	1481.241	
12/07/2019 15:25:05	0.37	16.936	10.928	7.460	4.496	1481.225	
12/07/2019 15:25:05	0.459	16.93	10.926	7.460	4.497	1481.207	
12/07/2019 15:25:05	0.485	16.927	10.928	7.462	4.500	1481.200	
12/07/2019 15:25:06	0.582	16.927	10.925	7.460	4.498	1481.199	
12/07/2019 15:25:06	0.736	16.93	10.922	7.457	4.496	1481.208	
12/07/2019 15:25:06	0.881	16.932	10.922	7.457	4.496	1481.216	
12/07/2019 15:25:06	0.98	16.933	10.921	7.456	4.496	1481.220	
12/07/2019 15:25:07	1.047	16.934	10.922	7.456	4.496	1481.225	
12/07/2019 15:25:07	1.189	16.934	10.923	7.457	4.498	1481.228	
12/07/2019 15:25:07	1.405	16.935	10.925	7.458	4.499	1481.236	
12/07/2019 15:25:07	1.455	16.936	10.926	7.459	4.500	1481.241	
12/07/2019 15:25:08	1.429	16.938	10.925	7.458	4.499	1481.246	
12/07/2019 15:25:08	1.398	16.937	10.926	7.459	4.499	1481.243	
12/07/2019 15:25:08	1.372	16.939	10.924	7.457	4.497	1481.247	
12/07/2019 15:25:08	1.351	16.937	10.925	7.458	4.498	1481.242	
12/07/2019 15:25:09	1.338	16.938	10.925	7.458	4.498	1481.244	
12/07/2019 15:25:09	1.331	16.937	10.925	7.458	4.498	1481.241	
12/07/2019 15:25:09	1.331	16.937	10.924	7.457	4.498	1481.240	
12/07/2019 15:25:09	1.32	16.937	10.924	7.457	4.498	1481.240	
12/07/2019 15:25:10	1.314	16.938	10.929	7.461	4.500	1481.247	
12/07/2019 15:25:10	1.31	16.941	10.933	7.463	4.501	1481.260	
12/07/2019 15:25:10	1.315	16.946	10.932	7.461	4.499	1481.274	
12/07/2019 15:25:10	1.333	16.949	10.93	7.459	4.497	1481.282	
12/07/2019 15:25:11	1.356	16.954	10.927	7.456	4.494	1481.295	
12/07/2019 15:25:11	1.375	16.96	10.926	7.454	4.492	1481.313	
12/07/2019 15:25:11	1.375	16.965	10.923	7.451	4.488	1481.326	
12/07/2019 15:25:11	1.403	16.967	10.923	7.451	4.488	1481.332	
12/07/2019 15:25:12	1.406	16.964	10.922	7.451	4.488	1481.322	
12/07/2019 15:25:12	1.401	16.963	10.921	7.450	4.488	1481.318	
12/07/2019 15:25:12	1.395	16.967	10.93	7.456	4.492	1481.338	
12/07/2019 15:25:12	1.396	16.971	10.93	7.455	4.490	1481.350	
12/07/2019 15:25:13	1.401	16.973	10.933	7.457	4.491	1481.359	
12/07/2019 15:25:13	1.405	16.975	10.935	7.458	4.492	1481.367	
12/07/2019 15:25:13	1.409	16.976	10.93	7.454	4.489	1481.366	
12/07/2019 15:25:13	1.409	16.978	10.929	7.453	4.488	1481.371	
12/07/2019 15:25:14	1.404	16.978	10.924	7.450	4.485	1481.367	
12/07/2019 15:25:14	1.393	16.978	10.922	7.448	4.484	1481.365	
12/07/2019 15:25:14	1.38	16.979	10.922	7.448	4.483	1481.368	
12/07/2019 15:25:14	1.363	16.977	10.925	7.451	4.485	1481.364	
12/07/2019 15:25:15	1.346	16.974	10.926	7.452	4.487	1481.355	
12/07/2019 15:25:15	1.331	16.973	10.925	7.451	4.487	1481.351	
12/07/2019 15:25:15	1.319	16.969	10.926	7.453	4.488	1481.340	
12/07/2019 15:25:15	1.315	16.964	10.926	7.454	4.490	1481.324	
12/07/2019 15:25:16	1.318	16.96	10.926	7.454	4.491	1481.312	
12/07/2019 15:25:16	1.324	16.958	10.925	7.454	4.491	1481.305	
12/07/2019 15:25:16	1.331	16.956	10.925	7.454	4.492	1481.299	
12/07/2019 15:25:16	1.335	16.956	10.925	7.454	4.492	1481.299	
12/07/2019 15:25:17	1.34	16.955	10.924	7.454	4.492	1481.295	
12/07/2019 15:25:17	1.366	16.954	10.921	7.452	4.491	1481.290	
12/07/2019 15:25:17	1.376	16.954	10.921	7.452	4.491	1481.290	
12/07/2019 15:25:17	1.403	16.95	10.921	7.453	4.492	1481.279	
12/07/2019 15:25:18	1.421	16.946	10.919	7.452	4.492	1481.265	
12/07/2019 15:25:18	1.429	16.939	10.915	7.450	4.493	1481.241	
12/07/2019 15:25:18	1.426	16.932	10.915	7.451	4.495	1481.219	
12/07/2019 15:25:18	1.408	16.928	10.919	7.455	4.498	1481.210	
12/07/2019 15:25:19	1.391	16.926	10.919	7.456	4.499	1481.204	
12/07/2019 15:25:19	1.384	16.927	10.92	7.456	4.499	1481.207	
12/07/2019 15:25:19	1.392	16.926	10.924	7.459	4.502	1481.208	
12/07/2019 15:25:19	1.406	16.924	10.927	7.462	4.504	1481.204	
12/07/2019 15:25:20	1.412	16.924	10.925	7.460	4.503	1481.203	
12/07/2019 15:25:20	1.401	16.926	10.924	7.459	4.502	1481.208	
12/07/2019 15:25:20	1.374	16.93	10.925	7.459	4.501	1481.221	
12/07/2019 15:25:20	1.323	16.931	10.923	7.458	4.499	1481.221	
12/07/2019 15:25:21	1.307	16.935	10.922	7.456	4.497	1481.232	
12/07/2019 15:25:21	1.282	16.937	10.925	7.458	4.498	1481.240	
12/07/2019 15:25:21	1.282	16.938	10.926	7.459	4.498	1481.244	
12/07/2019 15:25:21	1.29	16.937	10.919	7.454	4.495	1481.236	
12/07/2019 15:25:22	1.321	16.934	10.913	7.450	4.493	1481.222	
12/07/2019 15:25:22	1.36	16.932	10.912	7.449	4.493	1481.215	
12/07/2019 15:25:22	1.411	16.922	10.913	7.452	4.497	1481.187	
12/07/2019 15:25:22	1.421	16.909	10.91	7.452	4.500	1481.145	
12/07/2019 15:25:23	1.435	16.898	10.906	7.451	4.501	1481.108	
12/07/2019 15:25:23	1.435	16.891	10.903	7.450	4.502	1481.084	
12/07/2019 15:25:23	1.414	16.884	10.906	7.454	4.505	1481.065	
12/07/2019 15:25:23	1.389	16.881	10.906	7.454	4.506	1481.055	
12/07/2019 15:25:24	1.375	16.877	10.904	7.453	4.506	1481.041	
12/07/2019 15:25:24	1.374	16.875	10.899	7.450	4.504	1481.031	
12/07/2019 15:25:24	1.38	16.873	10.901	7.452	4.506	1481.026	
12/07/2019 15:25:24	1.383	16.873	10.902	7.453	4.507	1481.027	
12/07/2019 15:25:25	1.383	16.874	10.902	7.453	4.506	1481.030	
12/07/2019 15:25:25	1.383	16.873	10.904	7.454	4.508	1481.029	
12/07/2019 15:25:25	1.364	16.868	10.905	7.456	4.510	1481.014	
12/07/2019 15:25:25	1.351	16.863	10.907	7.458	4.513	1481.000	
12/07/2019 15:25:26	1.339	16.862	10.905	7.457	4.512	1480.995	
12/07/2019 15:25:26	1.333	16.861	10.905	7.457	4.512	1480.992	
12/07/2019 15:25:26	1.338	16.863	10.905	7.457	4.511	1480.998	
12/07/2019 15:25:26	1.354	16.861	10.904	7.456	4.512	1480.992	
12/07/2019 15:25:27	1.377	16.861	10.901	7.454	4.510	1480.990	
12/07/2019 15:25:27	1.4	16.861	10.901	7.454	4.510	1480.990	
12/07/2019 15:25:27	1.417	16.855	10.904	7.458	4.514	1480.974	
12/07/2019 15:25:27	1.425	16.85	10.903	7.458	4.515	1480.958	
12/07/2019 15:25:28	1.422	16.845	10.902	7.458	4.516	1480.942	
12/07/2019 15:25:28	1.407	16.845	10.904	7.459	4.517	1480.944	
12/07/2019 15:25:28	1.375	16.846	10.906	7.461	4.518	1480.948	
12/07/2019 15:25:28	1.324	16.847	10.905	7.460	4.517	1480.949	
12/07/2019 15:25:29	1.286	16.849	10.905	7.459	4.516	1480.955	
12/07/2019 15:25:29	1.261	16.852	10.903	7.457	4.514	1480.962	
12/07/2019 15:25:29	1.255	16.852	10.906	7.460	4.515	1480.964	
12/07/2019 15:25:29	1.307	16.85	10.904	7.458	4.515	1480.957	
12/07/2019 15:25:30	1.356	16.852	10.902	7.457	4.513	1480.963	
12/07/2019 15:25:30	1.398	16.852	10.903	7.457	4.514	1480.964	
12/07/2019 15:25:30	1.434	16.851	10.904	7.458	4.515	1480.962	
12/07/2019 15:25:30	1.46	16.851	10.907	7.460	4.517	1480.965	
12/07/2019 15:25:31	1.473	16.85	10.906	7.460	4.517	1480.962	
12/07/2019 15:25:31	1.605	16.853	10.909	7.462	4.518	1480.976	
12/07/2019 15:25:31	1.808	16.858	10.908	7.460	4.517	1480.993	
12/07/2019 15:25:31	2.013	16.863	10.908	7.459	4.516	1481.012	
12/07/2019 15:25:32	2.231	16.868	10.911	7.460	4.517	1481.033	
12/07/2019 15:25:32	2.344	16.877	10.913	7.460	4.516	1481.064	
12/07/2019 15:25:32	2.37	16.886	10.914	7.459	4.514	1481.093	
12/07/2019 15:25:32	2.344	16.894	10.915	7.458	4.511	1481.118	
12/07/2019 15:25:33	2.344	16.899	10.914	7.457	4.509	1481.132	
12/07/2019 15:25:33	2.311	16.904	10.914	7.456	4.507	1481.147	
12/07/2019 15:25:33	2.323	16.906	10.916	7.457	4.508	1481.155	
12/07/2019 15:25:33	2.464	16.903	10.915	7.457	4.509	1481.147	
12/07/2019 15:25:34	2.597	16.901	10.917	7.459	4.511	1481.145	
12/07/2019 15:25:34	2.751	16.902	10.916	7.458	4.511	1481.150	
12/07/2019 15:25:34	2.871	16.902	10.916	7.458	4.512	1481.152	
12/07/2019 15:25:34	2.999	16.904	10.911	7.454	4.509	1481.156	
12/07/2019 15:25:35	3.118	16.906	10.911	7.453	4.509	1481.164	
12/07/2019 15:25:35	3.238	16.906	10.907	7.450	4.507	1481.162	
12/07/2019 15:25:35	3.357	16.902	10.904	7.449	4.507	1481.150	
12/07/2019 15:25:35	3.409	16.896	10.903	7.449	4.509	1481.131	
12/07/2019 15:25:36	3.421	16.889	10.904	7.451	4.512	1481.111	
12/07/2019 15:25:36	3.466	16.882	10.904	7.452	4.514	1481.090	
12/07/2019 15:25:36	3.562	16.874	10.888	7.442	4.508	1481.054	
12/07/2019 15:25:36	3.724	16.868	10.871	7.431	4.501	1481.024	
12/07/2019 15:25:37	3.929	16.847	10.835	7.408	4.489	1480.932	
12/07/2019 15:25:37	4.108	16.795	10.801	7.392	4.488	1480.747	
12/07/2019 15:25:37	4.219	16.671	10.764	7.388	4.508	1480.337	
12/07/2019 15:25:37	4.289	16.526	10.75	7.404	4.547	1479.879	
12/07/2019 15:25:38	4.343	16.399	10.714	7.400	4.568	1479.457	
12/07/2019 15:25:38	4.436	16.264	10.663	7.387	4.582	1478.996	
12/07/2019 15:25:38	4.561	16.151	10.668	7.411	4.622	1478.650	
12/07/2019 15:25:38	4.688	16.066	10.663	7.423	4.647	1478.383	
12/07/2019 15:25:39	4.81	15.996	10.649	7.426	4.662	1478.154	
12/07/2019 15:25:39	4.885	15.923	10.643	7.435	4.682	1477.921	
12/07/2019 15:25:39	4.873	15.854	10.639	7.445	4.702	1477.701	
12/07/2019 15:25:39	4.898	15.779	10.623	7.447	4.717	1477.452	
12/07/2019 15:25:40	4.994	15.719	10.612	7.450	4.730	1477.255	
12/07/2019 15:25:40	5.129	15.688	10.607	7.452	4.737	1477.155	
12/07/2019 15:25:40	5.283	15.672	10.6	7.449	4.739	1477.101	
12/07/2019 15:25:40	5.368	15.659	10.601	7.452	4.744	1477.062	
12/07/2019 15:25:41	5.368	15.638	10.598	7.454	4.749	1476.993	
12/07/2019 15:25:41	5.395	15.619	10.598	7.458	4.755	1476.934	
12/07/2019 15:25:41	5.464	15.609	10.596	7.458	4.757	1476.902	
12/07/2019 15:25:41	5.542	15.605	10.592	7.456	4.757	1476.887	
12/07/2019 15:25:42	5.629	15.604	10.591	7.455	4.757	1476.884	
12/07/2019 15:25:42	5.713	15.599	10.59	7.455	4.758	1476.869	
12/07/2019 15:25:42	5.816	15.594	10.591	7.457	4.761	1476.856	
12/07/2019 15:25:42	5.915	15.589	10.587	7.455	4.761	1476.838	
12/07/2019 15:25:43	6.003	15.584	10.587	7.456	4.763	1476.823	
12/07/2019 15:25:43	6.071	15.582	10.59	7.458	4.765	1476.821	
12/07/2019 15:25:43	6.171	15.578	10.59	7.459	4.767	1476.810	
12/07/2019 15:25:43	6.24	15.576	10.591	7.460	4.769	1476.806	
12/07/2019 15:25:44	6.34	15.572	10.589	7.459	4.769	1476.793	
12/07/2019 15:25:44	6.494	15.568	10.588	7.459	4.770	1476.782	
12/07/2019 15:25:44	6.639	15.563	10.587	7.460	4.772	1476.767	
12/07/2019 15:25:44	6.793	15.555	10.585	7.460	4.774	1476.743	
12/07/2019 15:25:45	6.948	15.547	10.585	7.461	4.777	1476.720	
12/07/2019 15:25:45	7.108	15.538	10.584	7.462	4.780	1476.693	
12/07/2019 15:25:45	7.236	15.531	10.585	7.464	4.784	1476.674	
12/07/2019 15:25:45	7.271	15.523	10.583	7.464	4.785	1476.648	
12/07/2019 15:25:46	7.318	15.514	10.583	7.466	4.788	1476.620	
12/07/2019 15:25:46	7.394	15.511	10.579	7.463	4.787	1476.608	
12/07/2019 15:25:46	7.469	15.509	10.571	7.457	4.784	1476.596	
12/07/2019 15:25:46	7.572	15.506	10.572	7.459	4.786	1476.589	
12/07/2019 15:25:47	7.704	15.504	10.572	7.459	4.787	1476.585	
12/07/2019 15:25:47	7.856	15.502	10.576	7.463	4.791	1476.584	
12/07/2019 15:25:47	8.017	15.499	10.574	7.462	4.791	1476.576	
12/07/2019 15:25:47	8.171	15.497	10.573	7.461	4.792	1476.571	
12/07/2019 15:25:48	8.251	15.495	10.573	7.462	4.793	1476.566	
12/07/2019 15:25:48	8.303	15.492	10.573	7.462	4.794	1476.557	
12/07/2019 15:25:48	8.298	15.488	10.578	7.467	4.798	1476.549	
12/07/2019 15:25:48	8.267	15.486	10.576	7.466	4.797	1476.540	
12/07/2019 15:25:49	8.266	15.485	10.579	7.468	4.800	1476.540	
12/07/2019 15:25:49	8.255	15.484	10.58	7.469	4.800	1476.537	
12/07/2019 15:25:49	8.25	15.483	10.58	7.469	4.801	1476.534	
12/07/2019 15:25:49	8.242	15.484	10.581	7.470	4.801	1476.538	
12/07/2019 15:25:50	8.247	15.484	10.581	7.470	4.801	1476.538	
12/07/2019 15:25:50	8.354	15.488	10.574	7.464	4.796	1476.546	
12/07/2019 15:25:50	8.482	15.5	10.577	7.464	4.795	1476.589	
12/07/2019 15:25:50	8.615	15.502	10.576	7.462	4.794	1476.597	
12/07/2019 15:25:51	8.771	15.5	10.577	7.464	4.796	1476.594	
12/07/2019 15:25:51	8.943	15.497	10.569	7.458	4.793	1476.580	
12/07/2019 15:25:51	9.123	15.494	10.572	7.461	4.797	1476.576	
12/07/2019 15:25:51	9.282	15.487	10.572	7.462	4.799	1476.556	
12/07/2019 15:25:52	9.341	15.484	10.572	7.463	4.801	1476.548	
12/07/2019 15:25:52	9.343	15.481	10.576	7.466	4.804	1476.542	
12/07/2019 15:25:52	9.317	15.478	10.577	7.468	4.805	1476.533	
12/07/2019 15:25:52	9.31	15.475	10.578	7.469	4.807	1476.524	
12/07/2019 15:25:53	9.294	15.473	10.576	7.468	4.806	1476.516	
12/07/2019 15:25:53	9.289	15.473	10.577	7.469	4.807	1476.517	
12/07/2019 15:25:53	9.289	15.472	10.577	7.469	4.807	1476.513	
12/07/2019 15:25:53	9.296	15.473	10.575	7.467	4.806	1476.515	
12/07/2019 15:25:54	9.376	15.474	10.572	7.465	4.804	1476.517	
12/07/2019 15:25:54	9.478	15.478	10.572	7.464	4.803	1476.531	
12/07/2019 15:25:54	9.636	15.479	10.573	7.464	4.804	1476.538	
12/07/2019 15:25:54	9.815	15.481	10.572	7.463	4.804	1476.546	
12/07/2019 15:25:55	9.964	15.479	10.57	7.462	4.804	1476.540	
12/07/2019 15:25:55	10.1	15.478	10.571	7.463	4.805	1476.540	
12/07/2019 15:25:55	10.232	15.473	10.573	7.465	4.809	1476.528	
12/07/2019 15:25:55	10.326	15.468	10.57	7.464	4.809	1476.511	
12/07/2019 15:25:56	10.367	15.465	10.569	7.464	4.810	1476.502	
12/07/2019 15:25:56	10.369	15.463	10.571	7.466	4.811	1476.497	
12/07/2019 15:25:56	10.351	15.462	10.572	7.467	4.812	1476.494	
12/07/2019 15:25:56	10.348	15.461	10.572	7.467	4.812	1476.491	
12/07/2019 15:25:57	10.303	15.46	10.573	7.468	4.813	1476.488	
12/07/2019 15:25:57	10.297	15.462	10.574	7.468	4.813	1476.495	
12/07/2019 15:25:57	10.312	15.462	10.574	7.468	4.813	1476.496	
12/07/2019 15:25:57	10.415	15.465	10.573	7.467	4.812	1476.506	
12/07/2019 15:25:58	10.483	15.469	10.572	7.465	4.811	1476.519	
12/07/2019 15:25:58	10.525	15.471	10.574	7.467	4.811	1476.528	
12/07/2019 15:25:58	10.576	15.475	10.57	7.463	4.808	1476.538	
12/07/2019 15:25:58	10.653	15.472	10.57	7.463	4.809	1476.529	
12/07/2019 15:25:59	10.735	15.471	10.572	7.465	4.811	1476.529	
12/07/2019 15:25:59	10.84	15.469	10.571	7.465	4.812	1476.524	
12/07/2019 15:25:59	10.975	15.47	10.57	7.464	4.811	1476.528	
12/07/2019 15:25:59	11.15	15.469	10.57	7.464	4.812	1476.528	
12/07/2019 15:26:00	11.321	15.465	10.568	7.463	4.813	1476.516	
12/07/2019 15:26:00	11.5	15.46	10.568	7.464	4.816	1476.503	
12/07/2019 15:26:00	11.615	15.455	10.567	7.464	4.817	1476.488	
12/07/2019 15:26:00	11.59	15.451	10.568	7.466	4.819	1476.476	
12/07/2019 15:26:01	11.549	15.447	10.569	7.467	4.821	1476.464	
12/07/2019 15:26:01	11.578	15.444	10.567	7.466	4.821	1476.453	
12/07/2019 15:26:01	11.554	15.443	10.57	7.469	4.822	1476.452	
12/07/2019 15:26:01	11.536	15.443	10.569	7.468	4.822	1476.451	
12/07/2019 15:26:02	11.608	15.442	10.569	7.468	4.822	1476.449	
12/07/2019 15:26:02	11.696	15.444	10.568	7.467	4.822	1476.456	
12/07/2019 15:26:02	11.785	15.445	10.568	7.467	4.822	1476.460	
12/07/2019 15:26:02	11.847	15.446	10.569	7.467	4.822	1476.465	
12/07/2019 15:26:03	11.898	15.446	10.57	7.468	4.823	1476.467	
12/07/2019 15:26:03	11.95	15.45	10.569	7.467	4.821	1476.480	
12/07/2019 15:26:03	11.998	15.448	10.567	7.465	4.821	1476.472	
12/07/2019 15:26:03	12.053	15.448	10.567	7.465	4.821	1476.473	
12/07/2019 15:26:04	12.147	15.447	10.566	7.465	4.822	1476.471	
12/07/2019 15:26:04	12.276	15.447	10.567	7.466	4.823	1476.474	
12/07/2019 15:26:04	12.43	15.449	10.568	7.466	4.823	1476.483	
12/07/2019 15:26:04	12.559	15.446	10.565	7.464	4.823	1476.473	
12/07/2019 15:26:05	12.573	15.442	10.564	7.464	4.824	1476.460	
12/07/2019 15:26:05	12.517	15.439	10.566	7.466	4.826	1476.451	
12/07/2019 15:26:05	12.537	15.434	10.566	7.467	4.827	1476.436	
12/07/2019 15:26:05	12.589	15.431	10.566	7.468	4.829	1476.427	
12/07/2019 15:26:06	12.652	15.43	10.568	7.470	4.830	1476.427	
12/07/2019 15:26:06	12.686	15.429	10.566	7.468	4.830	1476.422	
12/07/2019 15:26:06	12.725	15.427	10.569	7.471	4.832	1476.419	
12/07/2019 15:26:06	12.801	15.428	10.563	7.466	4.829	1476.418	
12/07/2019 15:26:07	12.884	15.429	10.564	7.467	4.829	1476.424	
12/07/2019 15:26:07	12.986	15.431	10.565	7.467	4.830	1476.433	
12/07/2019 15:26:07	13.058	15.433	10.565	7.467	4.830	1476.440	
12/07/2019 15:26:07	13.112	15.434	10.565	7.466	4.829	1476.444	
12/07/2019 15:26:08	13.138	15.433	10.566	7.467	4.830	1476.442	
12/07/2019 15:26:08	13.189	15.43	10.566	7.468	4.832	1476.434	
12/07/2019 15:26:08	13.228	15.426	10.564	7.467	4.832	1476.420	
12/07/2019 15:26:08	13.33	15.426	10.565	7.468	4.833	1476.422	
12/07/2019 15:26:09	13.417	15.427	10.565	7.468	4.833	1476.427	
12/07/2019 15:26:09	13.476	15.427	10.566	7.468	4.834	1476.429	
12/07/2019 15:26:09	13.465	15.424	10.566	7.469	4.835	1476.419	
12/07/2019 15:26:09	13.491	15.422	10.565	7.469	4.835	1476.412	
12/07/2019 15:26:10	13.522	15.42	10.564	7.468	4.835	1476.406	
12/07/2019 15:26:10	13.482	15.419	10.565	7.469	4.836	1476.403	
12/07/2019 15:26:10	13.466	15.416	10.564	7.469	4.836	1476.392	
12/07/2019 15:26:10	13.478	15.415	10.565	7.470	4.837	1476.390	
12/07/2019 15:26:11	13.478	15.413	10.566	7.471	4.838	1476.384	
12/07/2019 15:26:11	13.477	15.413	10.563	7.469	4.837	1476.382	
12/07/2019 15:26:11	13.569	15.412	10.56	7.467	4.836	1476.377	
12/07/2019 15:26:11	13.697	15.415	10.56	7.466	4.835	1476.389	
12/07/2019 15:26:12	13.793	15.418	10.564	7.469	4.837	1476.404	
12/07/2019 15:26:12	13.9	15.418	10.562	7.467	4.836	1476.404	
12/07/2019 15:26:12	14.024	15.416	10.56	7.466	4.836	1476.397	
12/07/2019 15:26:12	14.179	15.413	10.56	7.466	4.838	1476.390	
12/07/2019 15:26:13	14.301	15.41	10.556	7.464	4.837	1476.379	
12/07/2019 15:26:13	14.352	15.406	10.557	7.466	4.839	1476.368	
12/07/2019 15:26:13	14.374	15.402	10.557	7.466	4.841	1476.356	
12/07/2019 15:26:13	14.349	15.397	10.559	7.469	4.843	1476.341	
12/07/2019 15:26:14	14.351	15.394	10.559	7.469	4.844	1476.332	
12/07/2019 15:26:14	14.354	15.392	10.562	7.472	4.847	1476.328	
12/07/2019 15:26:14	14.385	15.391	10.561	7.471	4.846	1476.325	
12/07/2019 15:26:14	14.409	15.392	10.56	7.470	4.846	1476.327	
12/07/2019 15:26:15	14.397	15.392	10.559	7.470	4.845	1476.326	
12/07/2019 15:26:15	14.445	15.392	10.559	7.470	4.845	1476.327	
12/07/2019 15:26:15	14.55	15.393	10.558	7.469	4.845	1476.331	
12/07/2019 15:26:15	14.66	15.395	10.558	7.468	4.845	1476.339	
12/07/2019 15:26:16	14.758	15.395	10.558	7.468	4.845	1476.341	
12/07/2019 15:26:16	14.835	15.393	10.556	7.467	4.845	1476.334	
12/07/2019 15:26:16	14.937	15.393	10.557	7.468	4.846	1476.337	
12/07/2019 15:26:16	15.042	15.391	10.559	7.470	4.848	1476.334	
12/07/2019 15:26:17	15.139	15.388	10.557	7.469	4.849	1476.324	
12/07/2019 15:26:17	15.25	15.387	10.557	7.469	4.849	1476.323	
12/07/2019 15:26:17	15.325	15.387	10.555	7.467	4.848	1476.322	
12/07/2019 15:26:17	15.407	15.384	10.556	7.469	4.850	1476.315	
12/07/2019 15:26:18	15.393	15.382	10.558	7.471	4.852	1476.310	
12/07/2019 15:26:18	15.354	15.379	10.556	7.470	4.852	1476.298	
12/07/2019 15:26:18	15.38	15.377	10.557	7.471	4.853	1476.293	
12/07/2019 15:26:18	15.4	15.377	10.558	7.472	4.854	1476.294	
12/07/2019 15:26:19	15.443	15.375	10.555	7.470	4.853	1476.286	
12/07/2019 15:26:19	15.498	15.376	10.557	7.471	4.854	1476.292	
12/07/2019 15:26:19	15.566	15.377	10.555	7.469	4.853	1476.294	
12/07/2019 15:26:19	15.614	15.377	10.554	7.469	4.852	1476.294	
12/07/2019 15:26:20	15.664	15.379	10.556	7.470	4.853	1476.303	
12/07/2019 15:26:20	15.722	15.381	10.555	7.469	4.852	1476.309	
12/07/2019 15:26:20	15.803	15.379	10.553	7.467	4.852	1476.303	
12/07/2019 15:26:20	15.905	15.38	10.554	7.468	4.853	1476.308	
12/07/2019 15:26:21	16.002	15.38	10.556	7.469	4.854	1476.312	
12/07/2019 15:26:21	16.094	15.38	10.556	7.469	4.855	1476.313	
12/07/2019 15:26:21	16.186	15.381	10.554	7.468	4.854	1476.316	
12/07/2019 15:26:21	16.278	15.379	10.556	7.470	4.856	1476.313	
12/07/2019 15:26:22	16.325	15.378	10.555	7.469	4.856	1476.310	
12/07/2019 15:26:22	16.305	15.377	10.556	7.470	4.857	1476.307	
12/07/2019 15:26:22	16.321	15.375	10.557	7.471	4.858	1476.302	
12/07/2019 15:26:22	16.347	15.373	10.556	7.471	4.858	1476.295	
12/07/2019 15:26:23	16.364	15.373	10.556	7.471	4.858	1476.295	
12/07/2019 15:26:23	16.361	15.373	10.555	7.470	4.858	1476.294	
12/07/2019 15:26:23	16.436	15.372	10.555	7.470	4.858	1476.292	
12/07/2019 15:26:23	16.538	15.374	10.554	7.469	4.858	1476.299	
12/07/2019 15:26:24	16.589	15.375	10.554	7.469	4.857	1476.303	
12/07/2019 15:26:24	16.612	15.376	10.554	7.469	4.857	1476.307	
12/07/2019 15:26:24	16.635	15.376	10.555	7.469	4.858	1476.308	
12/07/2019 15:26:24	16.687	15.375	10.553	7.468	4.857	1476.304	
12/07/2019 15:26:25	16.736	15.375	10.554	7.469	4.858	1476.306	
12/07/2019 15:26:25	16.832	15.375	10.555	7.470	4.859	1476.308	
12/07/2019 15:26:25	16.946	15.375	10.553	7.468	4.858	1476.308	
12/07/2019 15:26:25	17.048	15.375	10.555	7.470	4.860	1476.312	
12/07/2019 15:26:26	17.155	15.374	10.555	7.470	4.861	1476.310	
12/07/2019 15:26:26	17.2	15.374	10.556	7.470	4.862	1476.312	
12/07/2019 15:26:26	17.178	15.373	10.554	7.469	4.861	1476.307	
12/07/2019 15:26:26	17.184	15.371	10.554	7.470	4.861	1476.300	
12/07/2019 15:26:27	17.263	15.37	10.555	7.470	4.863	1476.299	
12/07/2019 15:26:27	17.36	15.371	10.554	7.470	4.862	1476.303	
12/07/2019 15:26:27	17.436	15.371	10.553	7.469	4.862	1476.304	
12/07/2019 15:26:27	17.526	15.371	10.551	7.467	4.861	1476.303	
12/07/2019 15:26:28	17.619	15.372	10.555	7.470	4.864	1476.312	
12/07/2019 15:26:28	17.748	15.372	10.556	7.471	4.865	1476.314	
12/07/2019 15:26:28	17.843	15.372	10.554	7.469	4.864	1476.314	
12/07/2019 15:26:28	17.972	15.371	10.555	7.470	4.866	1476.314	
12/07/2019 15:26:29	18.104	15.37	10.555	7.470	4.866	1476.313	
12/07/2019 15:26:29	18.208	15.369	10.554	7.470	4.867	1476.311	
12/07/2019 15:26:29	18.275	15.369	10.555	7.471	4.868	1476.313	
12/07/2019 15:26:29	18.236	15.368	10.556	7.472	4.868	1476.310	
12/07/2019 15:26:30	18.154	15.367	10.557	7.472	4.869	1476.306	
12/07/2019 15:26:30	18.133	15.366	10.556	7.472	4.868	1476.302	
12/07/2019 15:26:30	18.132	15.365	10.556	7.472	4.869	1476.298	
12/07/2019 15:26:30	18.09	15.364	10.558	7.474	4.870	1476.296	
12/07/2019 15:26:31	18.09	15.364	10.555	7.472	4.868	1476.294	
12/07/2019 15:26:31	18.19	15.365	10.555	7.471	4.868	1476.299	
12/07/2019 15:26:31	18.289	15.365	10.557	7.473	4.870	1476.302	
12/07/2019 15:26:31	18.392	15.366	10.556	7.472	4.870	1476.306	
12/07/2019 15:26:32	18.478	15.365	10.555	7.471	4.870	1476.303	
12/07/2019 15:26:32	18.59	15.366	10.557	7.473	4.871	1476.310	
12/07/2019 15:26:32	18.749	15.366	10.554	7.470	4.870	1476.310	
12/07/2019 15:26:32	18.903	15.364	10.554	7.471	4.871	1476.306	
12/07/2019 15:26:33	19.063	15.363	10.555	7.472	4.873	1476.306	
12/07/2019 15:26:33	19.217	15.359	10.554	7.472	4.874	1476.295	
12/07/2019 15:26:33	19.246	15.357	10.555	7.473	4.876	1476.290	
12/07/2019 15:26:33	19.212	15.356	10.555	7.473	4.876	1476.286	
12/07/2019 15:26:34	19.197	15.354	10.555	7.473	4.876	1476.280	
12/07/2019 15:26:34	19.218	15.353	10.557	7.475	4.878	1476.279	
12/07/2019 15:26:34	19.21	15.353	10.557	7.475	4.878	1476.279	
12/07/2019 15:26:34	19.184	15.352	10.556	7.474	4.878	1476.274	
12/07/2019 15:26:35	19.188	15.354	10.556	7.474	4.877	1476.281	
12/07/2019 15:26:35	19.264	15.354	10.556	7.474	4.877	1476.282	
12/07/2019 15:26:35	19.358	15.355	10.555	7.473	4.877	1476.286	
12/07/2019 15:26:35	19.385	15.355	10.556	7.474	4.878	1476.287	
12/07/2019 15:26:36	19.355	15.355	10.554	7.472	4.876	1476.285	
12/07/2019 15:26:36	19.338	15.354	10.555	7.473	4.877	1476.282	
12/07/2019 15:26:36	19.373	15.353	10.555	7.473	4.878	1476.280	
12/07/2019 15:26:36	19.439	15.354	10.555	7.473	4.878	1476.284	
12/07/2019 15:26:37	19.511	15.353	10.554	7.473	4.878	1476.281	
12/07/2019 15:26:37	19.599	15.353	10.553	7.472	4.877	1476.281	
12/07/2019 15:26:37	19.701	15.353	10.552	7.471	4.877	1476.282	
12/07/2019 15:26:37	19.815	15.35	10.551	7.471	4.878	1476.274	
12/07/2019 15:26:38	19.955	15.349	10.552	7.472	4.880	1476.274	
12/07/2019 15:26:38	20.058	15.348	10.552	7.472	4.881	1476.272	
12/07/2019 15:26:38	20.024	15.346	10.552	7.472	4.881	1476.265	
12/07/2019 15:26:38	20.007	15.345	10.553	7.473	4.882	1476.263	
12/07/2019 15:26:39	20.067	15.343	10.554	7.475	4.883	1476.258	
12/07/2019 15:26:39	20.119	15.344	10.553	7.474	4.883	1476.261	
12/07/2019 15:26:39	20.24	15.344	10.549	7.470	4.881	1476.260	
12/07/2019 15:26:39	20.274	15.344	10.549	7.470	4.881	1476.260	
12/07/2019 15:26:40	20.249	15.344	10.55	7.471	4.881	1476.261	
12/07/2019 15:26:40	20.293	15.343	10.549	7.471	4.881	1476.257	
12/07/2019 15:26:40	20.35	15.342	10.55	7.472	4.883	1476.256	
12/07/2019 15:26:40	20.41	15.343	10.552	7.473	4.884	1476.262	
12/07/2019 15:26:41	20.465	15.343	10.549	7.471	4.882	1476.260	
12/07/2019 15:26:41	20.536	15.343	10.547	7.469	4.881	1476.259	
12/07/2019 15:26:41	20.613	15.342	10.549	7.471	4.883	1476.259	
12/07/2019 15:26:41	20.7	15.342	10.549	7.471	4.884	1476.261	
12/07/2019 15:26:42	20.753	15.343	10.55	7.471	4.884	1476.266	
12/07/2019 15:26:42	20.83	15.341	10.549	7.471	4.884	1476.260	
12/07/2019 15:26:42	20.87	15.34	10.55	7.472	4.886	1476.258	
12/07/2019 15:26:42	20.894	15.34	10.55	7.472	4.886	1476.258	
12/07/2019 15:26:43	20.841	15.34	10.55	7.472	4.885	1476.258	
12/07/2019 15:26:43	20.831	15.339	10.548	7.471	4.885	1476.252	
12/07/2019 15:26:43	20.874	15.338	10.549	7.472	4.886	1476.251	
12/07/2019 15:26:43	20.894	15.336	10.55	7.473	4.887	1476.246	
12/07/2019 15:26:44	20.977	15.335	10.549	7.472	4.887	1476.243	
12/07/2019 15:26:44	21.079	15.334	10.549	7.472	4.888	1476.241	
12/07/2019 15:26:44	21.223	15.334	10.548	7.472	4.888	1476.243	
12/07/2019 15:26:44	21.352	15.333	10.547	7.471	4.888	1476.241	
12/07/2019 15:26:45	21.447	15.332	10.547	7.471	4.889	1476.239	
12/07/2019 15:26:45	21.544	15.331	10.547	7.471	4.890	1476.238	
12/07/2019 15:26:45	21.675	15.329	10.548	7.472	4.891	1476.234	
12/07/2019 15:26:45	21.792	15.327	10.545	7.470	4.891	1476.227	
12/07/2019 15:26:46	21.888	15.326	10.546	7.471	4.892	1476.226	
12/07/2019 15:26:46	21.924	15.324	10.548	7.473	4.894	1476.222	
12/07/2019 15:26:46	21.854	15.324	10.549	7.474	4.894	1476.222	
12/07/2019 15:26:46	21.781	15.324	10.547	7.473	4.893	1476.219	
12/07/2019 15:26:47	21.755	15.325	10.548	7.473	4.893	1476.223	
12/07/2019 15:26:47	21.734	15.324	10.549	7.474	4.894	1476.220	
12/07/2019 15:26:47	21.799	15.324	10.548	7.473	4.894	1476.220	
12/07/2019 15:26:47	21.829	15.324	10.548	7.473	4.894	1476.221	
12/07/2019 15:26:48	21.893	15.323	10.548	7.474	4.894	1476.219	
12/07/2019 15:26:48	21.971	15.323	10.546	7.472	4.894	1476.218	
12/07/2019 15:26:48	22.081	15.324	10.544	7.470	4.893	1476.221	
12/07/2019 15:26:48	22.206	15.323	10.546	7.472	4.895	1476.222	
12/07/2019 15:26:49	22.345	15.321	10.544	7.471	4.895	1476.216	
12/07/2019 15:26:49	22.45	15.317	10.542	7.470	4.895	1476.203	
12/07/2019 15:26:49	22.527	15.314	10.541	7.470	4.896	1476.194	
12/07/2019 15:26:49	22.675	15.308	10.54	7.470	4.898	1476.177	
12/07/2019 15:26:50	22.841	15.304	10.54	7.471	4.900	1476.166	
12/07/2019 15:26:50	22.905	15.301	10.54	7.471	4.901	1476.158	
12/07/2019 15:26:50	22.847	15.298	10.541	7.473	4.902	1476.148	
12/07/2019 15:26:50	22.847	15.294	10.541	7.474	4.904	1476.136	
12/07/2019 15:26:51	22.876	15.294	10.54	7.473	4.903	1476.135	
12/07/2019 15:26:51	22.876	15.295	10.541	7.473	4.904	1476.139	
12/07/2019 15:26:51	22.87	15.293	10.541	7.474	4.904	1476.133	
12/07/2019 15:26:51	22.938	15.293	10.542	7.475	4.905	1476.135	
12/07/2019 15:26:52	22.984	15.293	10.541	7.474	4.905	1476.135	
12/07/2019 15:26:52	23.005	15.29	10.542	7.475	4.906	1476.126	
12/07/2019 15:26:52	23.059	15.291	10.541	7.474	4.906	1476.129	
12/07/2019 15:26:52	23.162	15.29	10.538	7.472	4.905	1476.125	
12/07/2019 15:26:53	23.273	15.289	10.538	7.472	4.905	1476.124	
12/07/2019 15:26:53	23.391	15.287	10.537	7.472	4.906	1476.119	
12/07/2019 15:26:53	23.52	15.284	10.535	7.471	4.906	1476.109	
12/07/2019 15:26:53	23.581	15.279	10.533	7.470	4.907	1476.093	
12/07/2019 15:26:54	23.558	15.272	10.533	7.472	4.909	1476.070	
12/07/2019 15:26:54	23.514	15.263	10.534	7.474	4.912	1476.041	
12/07/2019 15:26:54	23.539	15.259	10.535	7.476	4.914	1476.030	
12/07/2019 15:26:54	23.583	15.258	10.531	7.473	4.913	1476.024	
12/07/2019 15:26:55	23.595	15.257	10.535	7.476	4.915	1476.024	
12/07/2019 15:26:55	23.632	15.254	10.53	7.473	4.913	1476.011	
12/07/2019 15:26:55	23.783	15.249	10.523	7.468	4.912	1475.991	
12/07/2019 15:26:55	23.948	15.245	10.525	7.470	4.915	1475.983	
12/07/2019 15:26:56	24.055	15.24	10.526	7.472	4.917	1475.970	
12/07/2019 15:26:56	24.147	15.235	10.524	7.472	4.918	1475.953	
12/07/2019 15:26:56	24.262	15.229	10.522	7.471	4.919	1475.934	
12/07/2019 15:26:56	24.418	15.223	10.522	7.472	4.922	1475.918	
12/07/2019 15:26:57	24.544	15.218	10.52	7.472	4.923	1475.902	
12/07/2019 15:26:57	24.63	15.213	10.518	7.471	4.924	1475.886	
12/07/2019 15:26:57	24.673	15.207	10.519	7.473	4.927	1475.868	
12/07/2019 15:26:57	24.693	15.202	10.519	7.474	4.928	1475.853	
12/07/2019 15:26:58	24.65	15.198	10.52	7.475	4.930	1475.840	
12/07/2019 15:26:58	24.583	15.197	10.521	7.476	4.930	1475.837	
12/07/2019 15:26:58	24.545	15.196	10.523	7.478	4.932	1475.835	
12/07/2019 15:26:58	24.518	15.197	10.523	7.478	4.931	1475.837	
12/07/2019 15:26:59	24.475	15.198	10.523	7.478	4.931	1475.840	
12/07/2019 15:26:59	24.458	15.198	10.523	7.478	4.931	1475.840	
12/07/2019 15:26:59	24.52	15.2	10.521	7.476	4.929	1475.845	
12/07/2019 15:26:59	24.615	15.202	10.52	7.475	4.928	1475.852	
12/07/2019 15:27:00	24.732	15.203	10.518	7.473	4.927	1475.855	
12/07/2019 15:27:00	24.86	15.2	10.518	7.474	4.929	1475.848	
12/07/2019 15:27:00	24.994	15.195	10.516	7.473	4.930	1475.832	
12/07/2019 15:27:00	25.118	15.188	10.514	7.473	4.932	1475.810	
12/07/2019 15:27:01	25.242	15.177	10.512	7.473	4.934	1475.775	
12/07/2019 15:27:01	25.384	15.168	10.509	7.473	4.936	1475.746	
12/07/2019 15:27:01	25.512	15.156	10.507	7.473	4.939	1475.708	
12/07/2019 15:27:01	25.593	15.146	10.504	7.473	4.941	1475.675	
12/07/2019 15:27:02	25.584	15.138	10.504	7.474	4.943	1475.649	
12/07/2019 15:27:02	25.544	15.13	10.505	7.477	4.946	1475.624	
12/07/2019 15:27:02	25.539	15.124	10.505	7.478	4.948	1475.604	
12/07/2019 15:27:02	25.564	15.123	10.502	7.476	4.947	1475.599	
12/07/2019 15:27:03	25.557	15.122	10.504	7.477	4.948	1475.597	
12/07/2019 15:27:03	25.537	15.123	10.503	7.477	4.947	1475.599	
12/07/2019 15:27:03	25.585	15.122	10.502	7.476	4.947	1475.596	
12/07/2019 15:27:03	25.662	15.119	10.501	7.476	4.948	1475.587	
12/07/2019 15:27:04	25.721	15.118	10.501	7.476	4.949	1475.585	
12/07/2019 15:27:04	25.772	15.115	10.497	7.473	4.947	1475.572	
12/07/2019 15:27:04	25.833	15.113	10.499	7.475	4.950	1475.569	
12/07/2019 15:27:04	25.907	15.11	10.496	7.474	4.949	1475.558	
12/07/2019 15:27:05	25.991	15.106	10.496	7.474	4.951	1475.546	
12/07/2019 15:27:05	26.083	15.1	10.497	7.476	4.954	1475.529	
12/07/2019 15:27:05	26.2	15.094	10.496	7.477	4.955	1475.511	
12/07/2019 15:27:05	26.324	15.084	10.495	7.478	4.958	1475.480	
12/07/2019 15:27:06	26.466	15.071	10.488	7.475	4.959	1475.435	
12/07/2019 15:27:06	26.671	15.05	10.481	7.473	4.962	1475.364	
12/07/2019 15:27:06	26.835	15.021	10.472	7.472	4.967	1475.266	
12/07/2019 15:27:06	27.02	14.988	10.465	7.473	4.974	1475.157	
12/07/2019 15:27:07	27.193	14.952	10.456	7.473	4.981	1475.036	
12/07/2019 15:27:07	27.278	14.917	10.45	7.475	4.988	1474.919	
12/07/2019 15:27:07	27.329	14.883	10.444	7.476	4.996	1474.805	
12/07/2019 15:27:07	27.354	14.861	10.44	7.478	5.000	1474.731	
12/07/2019 15:27:08	27.398	14.847	10.432	7.474	5.000	1474.680	
12/07/2019 15:27:08	27.479	14.832	10.423	7.470	5.000	1474.625	
12/07/2019 15:27:08	27.562	14.817	10.417	7.468	5.001	1474.572	
12/07/2019 15:27:08	27.613	14.798	10.415	7.470	5.006	1474.510	
12/07/2019 15:27:09	27.66	14.784	10.409	7.468	5.007	1474.460	
12/07/2019 15:27:09	27.717	14.768	10.404	7.467	5.010	1474.405	
12/07/2019 15:27:09	27.807	14.746	10.398	7.467	5.013	1474.330	
12/07/2019 15:27:09	27.918	14.724	10.401	7.473	5.022	1474.263	
12/07/2019 15:27:10	28.054	14.69	10.405	7.483	5.036	1474.159	
12/07/2019 15:27:10	28.226	14.66	10.407	7.490	5.047	1474.067	
12/07/2019 15:27:10	28.304	14.636	10.408	7.496	5.056	1473.991	
12/07/2019 15:27:10	28.33	14.619	10.411	7.501	5.063	1473.939	
12/07/2019 15:27:11	28.325	14.605	10.412	7.505	5.068	1473.895	
12/07/2019 15:27:11	28.333	14.596	10.411	7.506	5.070	1473.865	
12/07/2019 15:27:11	28.317	14.591	10.414	7.509	5.073	1473.851	
12/07/2019 15:27:11	28.303	14.591	10.416	7.510	5.074	1473.853	
12/07/2019 15:27:12	28.326	14.59	10.414	7.509	5.074	1473.848	
12/07/2019 15:27:12	28.352	14.587	10.416	7.511	5.076	1473.840	
12/07/2019 15:27:12	28.36	14.589	10.418	7.512	5.076	1473.849	
12/07/2019 15:27:12	28.369	14.588	10.418	7.513	5.077	1473.846	
12/07/2019 15:27:13	28.42	14.588	10.417	7.512	5.076	1473.846	
12/07/2019 15:27:13	28.482	14.593	10.415	7.509	5.074	1473.861	
12/07/2019 15:27:13	28.533	14.599	10.411	7.505	5.070	1473.878	
12/07/2019 15:27:13	28.605	14.601	10.398	7.494	5.062	1473.873	
12/07/2019 15:27:14	28.678	14.598	10.389	7.488	5.058	1473.857	
12/07/2019 15:27:14	28.735	14.592	10.382	7.484	5.056	1473.832	
12/07/2019 15:27:14	28.794	14.575	10.359	7.469	5.048	1473.757	
12/07/2019 15:27:14	28.874	14.531	10.356	7.475	5.060	1473.612	
12/07/2019 15:27:15	28.974	14.474	10.364	7.492	5.083	1473.436	
12/07/2019 15:27:15	29.082	14.412	10.365	7.505	5.103	1473.237	
12/07/2019 15:27:15	29.205	14.341	10.362	7.516	5.123	1473.005	
12/07/2019 15:27:15	29.331	14.276	10.364	7.530	5.145	1472.796	
12/07/2019 15:27:16	29.409	14.231	10.364	7.539	5.159	1472.650	
12/07/2019 15:27:16	29.463	14.19	10.36	7.544	5.170	1472.514	
12/07/2019 15:27:16	29.464	14.156	10.36	7.550	5.180	1472.402	
12/07/2019 15:27:16	29.436	14.138	10.362	7.556	5.187	1472.345	
12/07/2019 15:27:17	29.436	14.12	10.359	7.557	5.191	1472.283	
12/07/2019 15:27:17	29.475	14.105	10.359	7.560	5.195	1472.234	
12/07/2019 15:27:17	29.512	14.095	10.353	7.557	5.195	1472.196	
12/07/2019 15:27:17	29.595	14.084	10.345	7.553	5.194	1472.154	
12/07/2019 15:27:18	29.738	14.073	10.355	7.563	5.204	1472.130	
12/07/2019 15:27:18	29.841	14.045	10.359	7.571	5.215	1472.043	
12/07/2019 15:27:18	29.918	13.999	10.36	7.581	5.231	1471.894	
12/07/2019 15:27:18	29.988	13.948	10.359	7.590	5.246	1471.726	
12/07/2019 15:27:19	30.087	13.892	10.357	7.600	5.262	1471.542	
12/07/2019 15:27:19	30.164	13.805	10.356	7.616	5.289	1471.255	
12/07/2019 15:27:19	30.273	13.721	10.354	7.631	5.314	1470.977	
12/07/2019 15:27:19	30.338	13.633	10.35	7.645	5.338	1470.683	
12/07/2019 15:27:20	30.367	13.565	10.351	7.659	5.360	1470.458	
12/07/2019 15:27:20	30.341	13.515	10.354	7.672	5.377	1470.295	
12/07/2019 15:27:20	30.3	13.467	10.354	7.681	5.391	1470.134	
12/07/2019 15:27:20	30.313	13.431	10.356	7.690	5.403	1470.016	
12/07/2019 15:27:21	30.347	13.405	10.356	7.695	5.411	1469.930	
12/07/2019 15:27:21	30.347	13.391	10.358	7.700	5.417	1469.885	
12/07/2019 15:27:21	30.333	13.386	10.36	7.702	5.420	1469.870	
12/07/2019 15:27:21	30.353	13.381	10.36	7.703	5.421	1469.854	
12/07/2019 15:27:22	30.396	13.374	10.359	7.704	5.423	1469.830	
12/07/2019 15:27:22	30.473	13.383	10.351	7.696	5.416	1469.854	
12/07/2019 15:27:22	30.554	13.391	10.343	7.688	5.409	1469.875	
12/07/2019 15:27:22	30.635	13.391	10.328	7.676	5.400	1469.862	
12/07/2019 15:27:23	30.704	13.367	10.319	7.673	5.402	1469.774	
12/07/2019 15:27:23	30.781	13.31	10.315	7.681	5.417	1469.581	
12/07/2019 15:27:23	30.86	13.273	10.314	7.688	5.428	1469.458	
12/07/2019 15:27:23	30.96	13.224	10.308	7.693	5.439	1469.290	
12/07/2019 15:27:24	31.093	13.17	10.306	7.702	5.455	1469.109	
12/07/2019 15:27:24	31.223	13.12	10.298	7.706	5.466	1468.936	
12/07/2019 15:27:24	31.332	13.072	10.289	7.708	5.475	1468.767	
12/07/2019 15:27:24	31.437	13.026	10.281	7.711	5.484	1468.607	
12/07/2019 15:27:25	31.478	12.984	10.28	7.719	5.497	1468.465	
12/07/2019 15:27:25	31.395	12.942	10.277	7.725	5.507	1468.319	
12/07/2019 15:27:25	31.322	12.919	10.279	7.731	5.515	1468.242	
12/07/2019 15:27:25	31.311	12.92	10.275	7.728	5.512	1468.242	
12/07/2019 15:27:26	31.334	12.929	10.274	7.725	5.509	1468.271	
12/07/2019 15:27:26	31.351	12.934	10.271	7.722	5.506	1468.286	
12/07/2019 15:27:26	31.376	12.933	10.268	7.719	5.504	1468.280	
12/07/2019 15:27:26	31.402	12.927	10.261	7.715	5.502	1468.253	
12/07/2019 15:27:27	31.466	12.921	10.247	7.705	5.495	1468.221	
12/07/2019 15:27:27	31.569	12.926	10.234	7.693	5.486	1468.227	
12/07/2019 15:27:27	31.68	12.919	10.236	7.696	5.490	1468.207	
12/07/2019 15:27:27	31.807	12.905	10.237	7.700	5.495	1468.162	
12/07/2019 15:27:28	31.941	12.892	10.234	7.700	5.498	1468.118	
12/07/2019 15:27:28	32.069	12.868	10.237	7.707	5.507	1468.042	
12/07/2019 15:27:28	32.174	12.848	10.234	7.709	5.512	1467.973	
12/07/2019 15:27:28	32.272	12.828	10.233	7.712	5.518	1467.906	
12/07/2019 15:27:29	32.36	12.81	10.225	7.709	5.519	1467.839	
12/07/2019 15:27:29	32.463	12.794	10.219	7.708	5.520	1467.780	
12/07/2019 15:27:29	32.531	12.781	10.208	7.701	5.517	1467.727	
12/07/2019 15:27:29	32.505	12.77	10.206	7.702	5.519	1467.687	
12/07/2019 15:27:30	32.414	12.747	10.211	7.711	5.529	1467.613	
12/07/2019 15:27:30	32.336	12.736	10.216	7.717	5.535	1467.579	
12/07/2019 15:27:30	32.324	12.736	10.218	7.719	5.536	1467.581	
12/07/2019 15:27:30	32.336	12.736	10.219	7.719	5.537	1467.582	
12/07/2019 15:27:31	32.325	12.737	10.221	7.721	5.538	1467.587	
12/07/2019 15:27:31	32.311	12.738	10.218	7.718	5.535	1467.587	
12/07/2019 15:27:31	32.353	12.737	10.208	7.710	5.530	1467.575	
12/07/2019 15:27:31	32.449	12.747	10.189	7.693	5.515	1467.592	
12/07/2019 15:27:32	32.544	12.754	10.189	7.691	5.514	1467.617	
12/07/2019 15:27:32	32.628	12.751	10.187	7.690	5.514	1467.606	
12/07/2019 15:27:32	32.708	12.743	10.189	7.694	5.518	1467.583	
12/07/2019 15:27:32	32.797	12.724	10.19	7.698	5.524	1467.520	
12/07/2019 15:27:33	32.906	12.708	10.189	7.701	5.529	1467.467	
12/07/2019 15:27:33	33.006	12.691	10.19	7.705	5.535	1467.412	
12/07/2019 15:27:33	33.096	12.678	10.182	7.701	5.534	1467.361	
12/07/2019 15:27:33	33.166	12.663	10.177	7.700	5.536	1467.307	
12/07/2019 15:27:34	33.269	12.645	10.172	7.700	5.539	1467.242	
12/07/2019 15:27:34	33.376	12.622	10.165	7.698	5.542	1467.159	
12/07/2019 15:27:34	33.469	12.591	10.159	7.700	5.547	1467.049	
12/07/2019 15:27:34	33.513	12.558	10.152	7.701	5.553	1466.931	
12/07/2019 15:27:35	33.502	12.525	10.15	7.706	5.562	1466.816	
12/07/2019 15:27:35	33.451	12.497	10.151	7.712	5.570	1466.721	
12/07/2019 15:27:35	33.434	12.477	10.15	7.716	5.575	1466.651	
12/07/2019 15:27:35	33.461	12.468	10.147	7.715	5.576	1466.618	
12/07/2019 15:27:36	33.486	12.464	10.145	7.714	5.576	1466.603	
12/07/2019 15:27:36	33.482	12.463	10.143	7.713	5.575	1466.598	
12/07/2019 15:27:36	33.468	12.459	10.136	7.708	5.572	1466.577	
12/07/2019 15:27:36	33.521	12.449	10.136	7.710	5.575	1466.544	
12/07/2019 15:27:37	33.582	12.444	10.13	7.706	5.573	1466.522	
12/07/2019 15:27:37	33.631	12.445	10.127	7.703	5.571	1466.523	
12/07/2019 15:27:37	33.664	12.446	10.124	7.701	5.569	1466.524	
12/07/2019 15:27:37	33.702	12.44	10.12	7.699	5.569	1466.500	
12/07/2019 15:27:38	33.77	12.431	10.115	7.696	5.568	1466.466	
12/07/2019 15:27:38	33.85	12.43	10.116	7.697	5.570	1466.464	
12/07/2019 15:27:38	33.938	12.43	10.113	7.695	5.568	1466.463	
12/07/2019 15:27:38	34.052	12.424	10.114	7.697	5.571	1466.445	
12/07/2019 15:27:39	34.185	12.415	10.109	7.695	5.571	1466.412	
12/07/2019 15:27:39	34.302	12.387	10.093	7.687	5.570	1466.302	
12/07/2019 15:27:39	34.412	12.347	10.08	7.685	5.574	1466.154	
12/07/2019 15:27:39	34.533	12.282	10.071	7.690	5.588	1465.925	
12/07/2019 15:27:40	34.647	12.217	10.058	7.693	5.599	1465.690	
12/07/2019 15:27:40	34.714	12.157	10.029	7.681	5.599	1465.457	
12/07/2019 15:27:40	34.681	12.086	10.027	7.694	5.618	1465.210	
12/07/2019 15:27:40	34.608	12.028	10.035	7.713	5.640	1465.016	
12/07/2019 15:27:41	34.584	12.015	10.04	7.720	5.647	1464.976	
12/07/2019 15:27:41	34.616	12.024	10.032	7.711	5.639	1465.000	
12/07/2019 15:27:41	34.638	12.033	10.019	7.698	5.628	1465.018	
12/07/2019 15:27:41	34.645	12.037	10.01	7.690	5.621	1465.023	
12/07/2019 15:27:42	34.707	12.014	10	7.687	5.622	1464.935	
12/07/2019 15:27:42	34.787	11.989	9.983	7.678	5.619	1464.833	
12/07/2019 15:27:42	34.884	11.961	9.968	7.671	5.618	1464.723	
12/07/2019 15:27:42	34.973	11.928	9.959	7.670	5.622	1464.601	
12/07/2019 15:27:43	35.05	11.888	9.949	7.670	5.628	1464.454	
12/07/2019 15:27:43	35.127	11.838	9.936	7.669	5.634	1464.269	
12/07/2019 15:27:43	35.235	11.777	9.922	7.670	5.643	1464.045	
12/07/2019 15:27:43	35.354	11.731	9.92	7.678	5.656	1463.885	
12/07/2019 15:27:44	35.463	11.685	9.915	7.683	5.666	1463.721	
12/07/2019 15:27:44	35.54	11.627	9.902	7.684	5.675	1463.507	
12/07/2019 15:27:44	35.615	11.576	9.898	7.692	5.687	1463.326	
12/07/2019 15:27:44	35.682	11.55	9.893	7.693	5.692	1463.232	
12/07/2019 15:27:45	35.673	11.529	9.901	7.704	5.703	1463.166	
12/07/2019 15:27:45	35.617	11.499	9.901	7.710	5.712	1463.060	
12/07/2019 15:27:45	35.601	11.478	9.897	7.711	5.715	1462.983	
12/07/2019 15:27:45	35.638	11.463	9.896	7.713	5.719	1462.930	
12/07/2019 15:27:46	35.672	11.46	9.889	7.708	5.715	1462.913	
12/07/2019 15:27:46	35.747	11.455	9.874	7.696	5.707	1462.881	
12/07/2019 15:27:46	35.834	11.456	9.864	7.688	5.701	1462.876	
12/07/2019 15:27:46	35.911	11.458	9.852	7.677	5.693	1462.872	
12/07/2019 15:27:47	35.959	11.453	9.839	7.667	5.686	1462.842	
12/07/2019 15:27:47	36.015	11.427	9.832	7.667	5.689	1462.745	
12/07/2019 15:27:47	36.085	11.408	9.825	7.665	5.690	1462.672	
12/07/2019 15:27:47	36.158	11.394	9.813	7.658	5.687	1462.612	
12/07/2019 15:27:48	36.226	11.374	9.803	7.653	5.687	1462.533	
12/07/2019 15:27:48	36.328	11.337	9.799	7.658	5.695	1462.401	
12/07/2019 15:27:48	36.441	11.3	9.796	7.663	5.704	1462.269	
12/07/2019 15:27:48	36.595	11.26	9.787	7.663	5.710	1462.122	
12/07/2019 15:27:49	36.692	11.208	9.771	7.661	5.715	1461.924	
12/07/2019 15:27:49	36.713	11.15	9.755	7.659	5.721	1461.704	
12/07/2019 15:27:49	36.799	11.089	9.729	7.650	5.722	1461.463	
12/07/2019 15:27:49	36.932	11.04	9.717	7.650	5.728	1461.279	
12/07/2019 15:27:50	36.977	10.997	9.716	7.658	5.740	1461.127	
12/07/2019 15:27:50	36.927	10.949	9.722	7.673	5.757	1460.962	
12/07/2019 15:27:50	36.889	10.906	9.728	7.687	5.773	1460.815	
12/07/2019 15:27:50	36.89	10.884	9.727	7.691	5.779	1460.736	
12/07/2019 15:27:51	36.912	10.879	9.725	7.690	5.779	1460.716	
12/07/2019 15:27:51	36.897	10.876	9.724	7.690	5.779	1460.704	
12/07/2019 15:27:51	36.866	10.866	9.729	7.696	5.785	1460.673	
12/07/2019 15:27:51	36.86	10.866	9.725	7.693	5.782	1460.669	
12/07/2019 15:27:52	36.908	10.858	9.717	7.687	5.779	1460.633	
12/07/2019 15:27:52	37.006	10.855	9.699	7.673	5.769	1460.606	
12/07/2019 15:27:52	37.102	10.847	9.694	7.670	5.768	1460.574	
12/07/2019 15:27:52	37.186	10.831	9.69	7.670	5.770	1460.514	
12/07/2019 15:27:53	37.245	10.813	9.685	7.670	5.772	1460.446	
12/07/2019 15:27:53	37.323	10.775	9.681	7.674	5.781	1460.307	
12/07/2019 15:27:53	37.426	10.739	9.673	7.675	5.786	1460.172	
12/07/2019 15:27:53	37.554	10.715	9.666	7.674	5.789	1460.082	
12/07/2019 15:27:54	37.698	10.683	9.668	7.682	5.800	1459.972	
12/07/2019 15:27:54	37.832	10.65	9.661	7.683	5.805	1459.849	
12/07/2019 15:27:54	37.907	10.616	9.649	7.680	5.807	1459.716	
12/07/2019 15:27:54	37.9	10.581	9.652	7.690	5.819	1459.594	
12/07/2019 15:27:55	37.849	10.544	9.656	7.701	5.831	1459.465	
12/07/2019 15:27:55	37.831	10.519	9.654	7.704	5.837	1459.373	
12/07/2019 15:27:55	37.851	10.51	9.653	7.706	5.839	1459.340	
12/07/2019 15:27:55	37.876	10.506	9.644	7.699	5.834	1459.316	
12/07/2019 15:27:56	37.869	10.505	9.637	7.693	5.830	1459.305	
12/07/2019 15:27:56	37.916	10.501	9.627	7.685	5.824	1459.281	
12/07/2019 15:27:56	37.99	10.503	9.618	7.677	5.818	1459.280	
12/07/2019 15:27:56	38.069	10.509	9.605	7.664	5.808	1459.290	
12/07/2019 15:27:57	38.143	10.502	9.598	7.660	5.806	1459.258	
12/07/2019 15:27:57	38.216	10.481	9.592	7.659	5.808	1459.178	
12/07/2019 15:27:57	38.282	10.46	9.588	7.660	5.811	1459.099	
12/07/2019 15:27:57	38.378	10.435	9.583	7.661	5.815	1459.006	
12/07/2019 15:27:58	38.49	10.416	9.573	7.656	5.814	1458.929	
12/07/2019 15:27:58	38.607	10.387	9.571	7.661	5.822	1458.824	
12/07/2019 15:27:58	38.741	10.335	9.561	7.663	5.830	1458.629	
12/07/2019 15:27:58	38.843	10.277	9.538	7.655	5.831	1458.397	
12/07/2019 15:27:59	38.838	10.211	9.538	7.669	5.849	1458.159	
12/07/2019 15:27:59	38.769	10.15	9.545	7.688	5.870	1457.945	
12/07/2019 15:27:59	38.741	10.122	9.546	7.695	5.878	1457.844	
12/07/2019 15:27:59	38.766	10.125	9.538	7.687	5.872	1457.847	
12/07/2019 15:28:00	38.824	10.123	9.53	7.681	5.868	1457.832	
12/07/2019 15:28:00	38.858	10.121	9.523	7.675	5.864	1457.818	
12/07/2019 15:28:00	38.873	10.117	9.517	7.671	5.861	1457.797	
12/07/2019 15:28:00	38.898	10.111	9.506	7.662	5.855	1457.764	
12/07/2019 15:28:01	38.966	10.074	9.491	7.657	5.856	1457.615	
12/07/2019 15:28:01	39.043	10.05	9.455	7.631	5.838	1457.492	
12/07/2019 15:28:01	39.118	10.026	9.442	7.625	5.836	1457.392	
12/07/2019 15:28:01	39.195	9.995	9.437	7.627	5.842	1457.275	
12/07/2019 15:28:02	39.279	9.957	9.434	7.632	5.850	1457.135	
12/07/2019 15:28:02	39.357	9.917	9.427	7.634	5.857	1456.983	
12/07/2019 15:28:02	39.452	9.863	9.424	7.643	5.870	1456.785	
12/07/2019 15:28:02	39.552	9.813	9.418	7.649	5.880	1456.598	
12/07/2019 15:28:03	39.652	9.771	9.416	7.656	5.890	1456.444	
12/07/2019 15:28:03	39.71	9.731	9.408	7.657	5.896	1456.290	
12/07/2019 15:28:03	39.676	9.681	9.415	7.674	5.914	1456.114	
12/07/2019 15:28:03	39.62	9.639	9.418	7.685	5.927	1455.962	
12/07/2019 15:28:04	39.616	9.612	9.413	7.687	5.931	1455.858	
12/07/2019 15:28:04	39.666	9.597	9.412	7.689	5.935	1455.803	
12/07/2019 15:28:04	39.759	9.587	9.388	7.670	5.921	1455.742	
12/07/2019 15:28:04	39.857	9.584	9.381	7.665	5.918	1455.725	
12/07/2019 15:28:05	39.933	9.576	9.379	7.665	5.919	1455.695	
12/07/2019 15:28:05	39.952	9.555	9.367	7.658	5.916	1455.605	
12/07/2019 15:28:05	39.979	9.524	9.349	7.649	5.913	1455.472	
12/07/2019 15:28:05	40.027	9.485	9.313	7.626	5.899	1455.290	
12/07/2019 15:28:06	40.07	9.457	9.251	7.577	5.864	1455.121	
12/07/2019 15:28:06	40.117	9.437	9.153	7.495	5.802	1454.942	
12/07/2019 15:28:06	40.173	9.359	9.07	7.438	5.766	1454.566	
12/07/2019 15:28:06	40.233	9.301	9.048	7.430	5.766	1454.328	
12/07/2019 15:28:07	40.322	9.224	9.047	7.445	5.786	1454.043	
12/07/2019 15:28:07	40.425	9.019	9.034	7.477	5.830	1453.267	
12/07/2019 15:28:07	40.516	8.798	9.032	7.521	5.887	1452.440	
12/07/2019 15:28:07	40.569	8.544	9.016	7.561	5.941	1451.469	
12/07/2019 15:28:08	40.555	8.338	9.026	7.614	6.001	1450.702	
12/07/2019 15:28:08	40.51	8.155	9.032	7.659	6.052	1450.013	
12/07/2019 15:28:08	40.494	8.033	9.027	7.681	6.079	1449.543	
12/07/2019 15:28:08	40.518	7.961	9.033	7.703	6.102	1449.276	
12/07/2019 15:28:09	40.545	7.902	9.031	7.714	6.116	1449.049	
12/07/2019 15:28:09	40.605	7.86	9.019	7.712	6.118	1448.875	
12/07/2019 15:28:09	40.666	7.85	9.002	7.698	6.109	1448.819	
12/07/2019 15:28:09	40.713	7.854	8.977	7.675	6.090	1448.806	
12/07/2019 15:28:10	40.767	7.849	8.943	7.644	6.067	1448.749	
12/07/2019 15:28:10	40.815	7.849	8.934	7.636	6.060	1448.740	
12/07/2019 15:28:10	40.875	7.818	8.932	7.641	6.067	1448.619	
12/07/2019 15:28:10	40.937	7.779	8.928	7.646	6.074	1448.466	
12/07/2019 15:28:11	41.016	7.797	8.927	7.641	6.069	1448.535	
12/07/2019 15:28:11	41.119	7.764	8.923	7.644	6.075	1448.406	
12/07/2019 15:28:11	41.252	7.719	8.925	7.656	6.089	1448.238	
12/07/2019 15:28:11	41.396	7.668	8.926	7.668	6.103	1448.045	
12/07/2019 15:28:12	41.54	7.606	8.914	7.671	6.110	1447.795	
12/07/2019 15:28:12	41.629	7.56	8.885	7.654	6.101	1447.586	
12/07/2019 15:28:12	41.783	7.481	8.866	7.654	6.108	1447.261	
12/07/2019 15:28:12	41.856	7.411	8.861	7.664	6.122	1446.986	
12/07/2019 15:28:13	41.821	7.356	8.87	7.685	6.142	1446.783	
12/07/2019 15:28:13	41.732	7.312	8.88	7.704	6.160	1446.623	
12/07/2019 15:28:13	41.678	7.285	8.884	7.714	6.169	1446.522	
12/07/2019 15:28:13	41.673	7.278	8.885	7.716	6.172	1446.496	
12/07/2019 15:28:14	41.691	7.286	8.883	7.713	6.168	1446.525	
12/07/2019 15:28:14	41.742	7.296	8.875	7.703	6.160	1446.555	
12/07/2019 15:28:14	41.754	7.292	8.873	7.702	6.160	1446.537	
12/07/2019 15:28:14	41.78	7.291	8.866	7.696	6.155	1446.526	
12/07/2019 15:28:15	41.835	7.293	8.853	7.683	6.145	1446.519	
12/07/2019 15:28:15	41.911	7.3	8.842	7.671	6.136	1446.535	
12/07/2019 15:28:15	42.039	7.313	8.847	7.673	6.137	1446.593	
12/07/2019 15:28:15	42.148	7.336	8.851	7.672	6.135	1446.688	
12/07/2019 15:28:16	42.272	7.342	8.85	7.669	6.133	1446.712	
12/07/2019 15:28:16	42.375	7.324	8.846	7.670	6.135	1446.640	
12/07/2019 15:28:16	42.485	7.297	8.844	7.674	6.141	1446.534	
12/07/2019 15:28:16	42.595	7.274	8.843	7.678	6.146	1446.446	
12/07/2019 15:28:17	42.651	7.26	8.841	7.679	6.148	1446.390	
12/07/2019 15:28:17	42.631	7.253	8.847	7.686	6.154	1446.369	
12/07/2019 15:28:17	42.566	7.237	8.849	7.692	6.160	1446.309	
12/07/2019 15:28:17	42.53	7.221	8.853	7.699	6.166	1446.250	
12/07/2019 15:28:18	42.523	7.211	8.855	7.703	6.170	1446.214	
12/07/2019 15:28:18	42.523	7.211	8.859	7.707	6.173	1446.218	
12/07/2019 15:28:18	42.514	7.214	8.857	7.704	6.171	1446.228	
12/07/2019 15:28:18	42.501	7.226	8.855	7.700	6.166	1446.272	
12/07/2019 15:28:19	42.512	7.232	8.852	7.696	6.163	1446.292	
12/07/2019 15:28:19	42.589	7.23	8.836	7.681	6.152	1446.267	
12/07/2019 15:28:19	42.702	7.243	8.832	7.674	6.146	1446.314	
12/07/2019 15:28:19	42.829	7.25	8.84	7.680	6.151	1446.353	
12/07/2019 15:28:20	42.95	7.25	8.834	7.675	6.147	1446.348	
12/07/2019 15:28:20	42.992	7.248	8.834	7.675	6.148	1446.340	
12/07/2019 15:28:20	42.992	7.232	8.838	7.682	6.155	1446.283	
12/07/2019 15:28:20	42.994	7.217	8.842	7.690	6.161	1446.229	
12/07/2019 15:28:21	42.997	7.208	8.846	7.695	6.167	1446.199	
12/07/2019 15:28:21	42.998	7.209	8.851	7.700	6.170	1446.209	
12/07/2019 15:28:21	42.999	7.213	8.853	7.701	6.170	1446.227	
12/07/2019 15:28:21	43	7.224	8.857	7.702	6.171	1446.274	
12/07/2019 15:28:22	43.003	7.232	8.859	7.702	6.170	1446.308	
12/07/2019 15:28:22	43.004	7.233	8.864	7.707	6.174	1446.317	
12/07/2019 15:28:22	43.004	7.236	8.866	7.708	6.174	1446.331	
12/07/2019 15:28:22	43.004	7.234	8.869	7.711	6.177	1446.327	
12/07/2019 15:28:23	43.009	7.236	8.864	7.706	6.173	1446.329	
12/07/2019 15:28:23	43.014	7.241	8.844	7.686	6.157	1446.325	
12/07/2019 15:28:23	43.038	7.248	8.833	7.674	6.147	1446.340	
12/07/2019 15:28:23	43.108	7.249	8.833	7.674	6.147	1446.345	
12/07/2019 15:28:24	43.089	7.249	8.835	7.676	6.149	1446.347	
12/07/2019 15:28:24	43.089	7.24	8.838	7.681	6.153	1446.316	
12/07/2019 15:28:24	43.093	7.236	8.846	7.689	6.160	1446.309	
12/07/2019 15:28:24	43.091	7.246	8.849	7.690	6.160	1446.352	
12/07/2019 15:28:25	43.095	7.247	8.853	7.693	6.163	1446.360	
12/07/2019 15:28:25	43.094	7.236	8.857	7.699	6.168	1446.322	
12/07/2019 15:28:25	43.094	7.244	8.861	7.701	6.169	1446.358	
12/07/2019 15:28:25	43.092	7.255	8.862	7.700	6.167	1446.402	
12/07/2019 15:28:26	43.089	7.265	8.855	7.691	6.160	1446.433	
12/07/2019 15:28:26	43.091	7.266	8.846	7.682	6.153	1446.426	
12/07/2019 15:28:26	43.091	7.261	8.846	7.684	6.154	1446.407	
12/07/2019 15:28:26	43.091	7.258	8.848	7.686	6.156	1446.397	
12/07/2019 15:28:27	43.095	7.252	8.849	7.688	6.158	1446.375	
12/07/2019 15:28:27	43.093	7.247	8.849	7.689	6.160	1446.356	
12/07/2019 15:28:27	43.105	7.245	8.849	7.690	6.160	1446.348	
12/07/2019 15:28:27	43.101	7.247	8.852	7.692	6.162	1446.359	
12/07/2019 15:28:28	43.094	7.253	8.858	7.697	6.165	1446.389	
12/07/2019 15:28:28	43.081	7.255	8.845	7.684	6.155	1446.382	
12/07/2019 15:28:28	43.055	7.267	8.841	7.678	6.149	1446.423	
12/07/2019 15:28:28	43.016	7.273	8.842	7.677	6.148	1446.447	
12/07/2019 15:28:29	42.98	7.259	8.835	7.674	6.146	1446.384	
12/07/2019 15:28:29	42.854	7.243	8.827	7.670	6.143	1446.311	
12/07/2019 15:28:29	42.667	7.223	8.833	7.680	6.152	1446.237	
12/07/2019 15:28:29	42.416	7.208	8.831	7.681	6.153	1446.172	
12/07/2019 15:28:30	42.125	7.195	8.83	7.683	6.154	1446.116	
12/07/2019 15:28:30	41.827	7.182	8.83	7.686	6.156	1446.061	
12/07/2019 15:28:30	41.564	7.173	8.832	7.690	6.158	1446.024	
12/07/2019 15:28:30	41.257	7.171	8.839	7.697	6.162	1446.020	
12/07/2019 15:28:31	40.991	7.171	8.848	7.706	6.168	1446.026	
12/07/2019 15:28:31	40.752	7.183	8.862	7.716	6.174	1446.085	
12/07/2019 15:28:31	40.506	7.212	8.878	7.725	6.177	1446.213	
12/07/2019 15:28:31	40.286	7.258	8.911	7.745	6.189	1446.426	
12/07/2019 15:28:32	40.063	7.304	8.93	7.753	6.191	1446.623	
12/07/2019 15:28:32	39.877	7.368	9.037	7.838	6.252	1446.993	
12/07/2019 15:28:32	39.649	7.546	9.15	7.903	6.288	1447.806	
12/07/2019 15:28:32	39.426	7.762	9.212	7.912	6.277	1448.703	
12/07/2019 15:28:33	39.216	8.028	9.278	7.913	6.255	1449.789	
12/07/2019 15:28:33	38.979	8.33	9.331	7.893	6.212	1450.989	
12/07/2019 15:28:33	38.774	8.655	9.371	7.857	6.154	1452.252	
12/07/2019 15:28:33	38.534	8.957	9.404	7.821	6.096	1453.412	
12/07/2019 15:28:34	38.337	9.21	9.432	7.790	6.046	1454.378	
12/07/2019 15:28:34	38.065	9.425	9.474	7.781	6.016	1455.212	
12/07/2019 15:28:34	37.827	9.621	9.514	7.774	5.989	1455.971	
12/07/2019 15:28:34	37.561	9.784	9.56	7.779	5.975	1456.612	
12/07/2019 15:28:35	37.249	9.939	9.583	7.766	5.947	1457.196	
12/07/2019 15:28:35	36.959	10.082	9.621	7.769	5.932	1457.750	
12/07/2019 15:28:35	36.652	10.218	9.654	7.768	5.915	1458.271	
12/07/2019 15:28:35	36.353	10.355	9.685	7.766	5.896	1458.793	
12/07/2019 15:28:36	36.042	10.486	9.711	7.761	5.876	1459.285	
12/07/2019 15:28:36	35.683	10.613	9.748	7.766	5.863	1459.773	
12/07/2019 15:28:36	35.362	10.79	9.796	7.769	5.844	1460.448	
12/07/2019 15:28:36	35.004	10.952	9.819	7.755	5.811	1461.041	
12/07/2019 15:28:37	34.645	11.104	9.863	7.760	5.795	1461.618	
12/07/2019 15:28:37	34.308	11.272	9.938	7.789	5.795	1462.281	
12/07/2019 15:28:37	33.932	11.44	9.998	7.804	5.784	1462.925	
12/07/2019 15:28:37	33.544	11.637	10.03	7.790	5.746	1463.639	
12/07/2019 15:28:38	33.155	11.862	10.056	7.765	5.695	1464.440	
12/07/2019 15:28:38	32.742	12.053	10.086	7.750	5.657	1465.123	
12/07/2019 15:28:38	32.292	12.21	10.119	7.745	5.629	1465.689	
12/07/2019 15:28:38	31.875	12.329	10.161	7.755	5.619	1466.131	
12/07/2019 15:28:39	31.471	12.431	10.184	7.753	5.602	1466.496	
12/07/2019 15:28:39	31.018	12.522	10.206	7.753	5.586	1466.821	
12/07/2019 15:28:39	30.605	12.604	10.227	7.753	5.573	1467.114	
12/07/2019 15:28:39	30.276	12.729	10.249	7.746	5.548	1467.554	
12/07/2019 15:28:40	29.946	12.905	10.267	7.724	5.505	1468.161	
12/07/2019 15:28:40	29.586	13.061	10.277	7.701	5.463	1468.691	
12/07/2019 15:28:40	29.248	13.194	10.286	7.682	5.427	1469.141	
12/07/2019 15:28:40	29.092	13.39	10.305	7.658	5.379	1469.812	
12/07/2019 15:28:41	29.008	13.59	10.339	7.645	5.338	1470.508	
12/07/2019 15:28:41	28.78	13.744	10.341	7.616	5.292	1471.017	
12/07/2019 15:28:41	28.525	13.907	10.336	7.580	5.238	1471.546	
12/07/2019 15:28:41	28.212	14.046	10.33	7.548	5.190	1471.993	
12/07/2019 15:28:42	27.897	14.151	10.341	7.537	5.163	1472.343	
12/07/2019 15:28:42	27.617	14.232	10.351	7.529	5.143	1472.613	
12/07/2019 15:28:42	27.279	14.32	10.367	7.524	5.124	1472.910	
12/07/2019 15:28:42	26.936	14.41	10.389	7.524	5.108	1473.218	
12/07/2019 15:28:43	26.586	14.499	10.41	7.524	5.091	1473.521	
12/07/2019 15:28:43	26.241	14.582	10.434	7.526	5.078	1473.806	
12/07/2019 15:28:43	25.878	14.665	10.449	7.522	5.060	1474.083	
12/07/2019 15:28:43	25.512	14.752	10.452	7.508	5.033	1474.361	
12/07/2019 15:28:44	25.164	14.837	10.461	7.499	5.010	1474.638	
12/07/2019 15:28:44	24.81	14.907	10.459	7.484	4.986	1474.855	
12/07/2019 15:28:44	24.462	14.959	10.467	7.480	4.973	1475.024	
12/07/2019 15:28:44	24.166	14.999	10.474	7.478	4.963	1475.154	
12/07/2019 15:28:45	23.841	15.031	10.479	7.476	4.954	1475.256	
12/07/2019 15:28:45	23.527	15.063	10.488	7.477	4.948	1475.361	
12/07/2019 15:28:45	23.226	15.09	10.497	7.478	4.944	1475.451	
12/07/2019 15:28:45	22.916	15.114	10.499	7.475	4.936	1475.525	
12/07/2019 15:28:46	22.603	15.135	10.501	7.473	4.929	1475.589	
12/07/2019 15:28:46	22.24	15.153	10.502	7.470	4.922	1475.641	
12/07/2019 15:28:46	21.941	15.173	10.514	7.476	4.922	1475.711	
12/07/2019 15:28:46	21.679	15.188	10.518	7.476	4.918	1475.758	
12/07/2019 15:28:47	21.324	15.198	10.514	7.471	4.911	1475.781	
12/07/2019 15:28:47	20.964	15.205	10.516	7.471	4.909	1475.799	
12/07/2019 15:28:47	20.656	15.215	10.523	7.475	4.908	1475.832	
12/07/2019 15:28:47	20.399	15.219	10.522	7.473	4.905	1475.840	
12/07/2019 15:28:48	19.984	15.22	10.521	7.473	4.902	1475.836	
12/07/2019 15:28:48	19.708	15.224	10.518	7.469	4.898	1475.841	
12/07/2019 15:28:48	19.452	15.229	10.523	7.472	4.898	1475.857	
12/07/2019 15:28:48	19.261	15.226	10.528	7.477	4.901	1475.849	
12/07/2019 15:28:49	19.016	15.224	10.526	7.476	4.900	1475.837	
12/07/2019 15:28:49	18.862	15.23	10.523	7.472	4.895	1475.851	
12/07/2019 15:28:49	18.668	15.236	10.523	7.471	4.892	1475.867	
12/07/2019 15:28:49	18.514	15.239	10.522	7.470	4.890	1475.873	
12/07/2019 15:28:50	18.275	15.241	10.523	7.470	4.889	1475.877	
12/07/2019 15:28:50	18.061	15.245	10.526	7.472	4.889	1475.889	
12/07/2019 15:28:50	17.867	15.252	10.524	7.469	4.884	1475.906	
12/07/2019 15:28:50	17.659	15.255	10.522	7.467	4.881	1475.910	
12/07/2019 15:28:51	17.437	15.253	10.526	7.470	4.883	1475.904	
12/07/2019 15:28:51	17.134	15.252	10.523	7.468	4.881	1475.893	
12/07/2019 15:28:51	16.904	15.256	10.523	7.468	4.878	1475.902	
12/07/2019 15:28:51	16.638	15.259	10.529	7.472	4.880	1475.913	
12/07/2019 15:28:52	16.428	15.261	10.527	7.470	4.877	1475.914	
12/07/2019 15:28:52	16.094	15.264	10.525	7.468	4.873	1475.916	
12/07/2019 15:28:52	15.799	15.267	10.526	7.468	4.871	1475.922	
12/07/2019 15:28:52	15.505	15.268	10.53	7.471	4.872	1475.924	
12/07/2019 15:28:53	15.238	15.27	10.532	7.472	4.872	1475.928	
12/07/2019 15:28:53	14.978	15.274	10.53	7.470	4.868	1475.935	
12/07/2019 15:28:53	14.611	15.276	10.528	7.468	4.864	1475.933	
12/07/2019 15:28:53	14.355	15.281	10.53	7.468	4.863	1475.947	
12/07/2019 15:28:54	14.057	15.284	10.53	7.468	4.861	1475.952	
12/07/2019 15:28:54	13.831	15.287	10.533	7.470	4.860	1475.960	
12/07/2019 15:28:54	13.528	15.289	10.531	7.468	4.857	1475.960	
12/07/2019 15:28:54	13.187	15.29	10.532	7.468	4.856	1475.958	
12/07/2019 15:28:55	12.915	15.294	10.533	7.468	4.854	1475.968	
12/07/2019 15:28:55	12.617	15.302	10.535	7.468	4.851	1475.990	
12/07/2019 15:28:55	12.456	15.312	10.538	7.469	4.849	1476.022	
12/07/2019 15:28:55	12.094	15.316	10.538	7.468	4.846	1476.029	
12/07/2019 15:28:56	11.735	15.322	10.54	7.469	4.844	1476.044	
12/07/2019 15:28:56	11.462	15.328	10.542	7.469	4.842	1476.060	
12/07/2019 15:28:56	11.134	15.337	10.54	7.466	4.836	1476.082	
12/07/2019 15:28:56	10.867	15.34	10.54	7.465	4.834	1476.087	
12/07/2019 15:28:57	10.467	15.343	10.541	7.466	4.832	1476.091	
12/07/2019 15:28:57	10.185	15.347	10.545	7.468	4.832	1476.103	
12/07/2019 15:28:57	9.886	15.351	10.548	7.469	4.831	1476.113	
12/07/2019 15:28:57	9.631	15.357	10.546	7.467	4.827	1476.126	
12/07/2019 15:28:58	9.34	15.362	10.545	7.465	4.823	1476.137	
12/07/2019 15:28:58	9.009	15.366	10.546	7.465	4.821	1476.145	
12/07/2019 15:28:58	8.859	15.369	10.551	7.468	4.823	1476.156	
12/07/2019 15:28:58	8.645	15.37	10.55	7.468	4.821	1476.155	
12/07/2019 15:28:59	8.413	15.37	10.548	7.466	4.818	1476.150	
12/07/2019 15:28:59	8.157	15.371	10.548	7.466	4.817	1476.149	
12/07/2019 15:28:59	7.829	15.374	10.546	7.464	4.813	1476.151	
12/07/2019 15:28:59	7.649	15.377	10.546	7.463	4.812	1476.158	
12/07/2019 15:29:00	7.399	15.377	10.551	7.467	4.813	1476.158	
12/07/2019 15:29:00	7.193	15.38	10.547	7.463	4.809	1476.161	
12/07/2019 15:29:00	6.916	15.381	10.552	7.467	4.811	1476.164	
12/07/2019 15:29:00	6.556	15.383	10.551	7.466	4.808	1476.164	
12/07/2019 15:29:01	6.306	15.388	10.553	7.467	4.806	1476.177	
12/07/2019 15:29:01	5.973	15.393	10.557	7.469	4.805	1476.191	
12/07/2019 15:29:01	5.756	15.403	10.562	7.471	4.804	1476.224	
12/07/2019 15:29:01	5.514	15.413	10.564	7.470	4.801	1476.254	
12/07/2019 15:29:02	5.155	15.423	10.562	7.467	4.795	1476.278	
12/07/2019 15:29:02	4.887	15.43	10.561	7.465	4.791	1476.295	
12/07/2019 15:29:02	4.689	15.438	10.564	7.466	4.789	1476.320	
12/07/2019 15:29:02	4.569	15.449	10.566	7.465	4.787	1476.354	
12/07/2019 15:29:03	4.501	15.461	10.57	7.466	4.785	1476.395	
12/07/2019 15:29:03	4.194	15.47	10.574	7.467	4.783	1476.422	
12/07/2019 15:29:03	3.875	15.479	10.593	7.480	4.790	1476.462	
12/07/2019 15:29:03	3.58	15.532	10.649	7.513	4.804	1476.674	
12/07/2019 15:29:04	3.336	15.675	10.712	7.534	4.794	1477.177	
12/07/2019 15:29:04	3.042	15.891	10.743	7.516	4.742	1477.878	
12/07/2019 15:29:04	2.758	16.089	10.784	7.510	4.700	1478.528	
12/07/2019 15:29:04	2.683	16.257	10.799	7.490	4.654	1479.063	
12/07/2019 15:29:05	2.674	16.372	10.812	7.478	4.625	1479.430	
12/07/2019 15:29:05	2.42	16.437	10.809	7.464	4.601	1479.625	
12/07/2019 15:29:05	2.064	16.478	10.808	7.456	4.585	1479.745	
12/07/2019 15:29:05	1.79	16.503	10.812	7.454	4.578	1479.821	
12/07/2019 15:29:06	1.46	16.519	10.82	7.457	4.576	1479.872	
12/07/2019 15:29:06	1.262	16.534	10.824	7.457	4.573	1479.918	
12/07/2019 15:29:06	1.016	16.546	10.826	7.457	4.569	1479.953	
12/07/2019 15:29:06	0.817	16.561	10.829	7.456	4.565	1479.998	
12/07/2019 15:29:07	0.507	16.574	10.834	7.458	4.562	1480.038	
12/07/2019 15:29:07	0.251	16.583	10.843	7.463	4.563	1480.069	
12/07/2019 15:29:07	0.015	16.596	18.637	13.416	9.100	1486.929	
12/07/2019 15:29:07	0.01	16.605	3.144	1.987	0.372	1473.795	
12/07/2019 15:29:08	0.008	16.587	0.927	0.551	-0.728	1472.046	
12/07/2019 15:29:08	0.008	16.549	0.251	0.144	-1.035	1471.434	
12/07/2019 15:29:08	0.01	16.505	0.052	0.033	-1.114	1471.152	
12/07/2019 15:29:08	0.011	16.464	0.024	0.018	-1.118	1470.997	
12/07/2019 15:29:09	0.007	16.424	0.015	0.014	-1.115	1470.856	
12/07/2019 15:29:09	0.008	16.385	0.014	0.014	-1.108	1470.724	
12/07/2019 15:29:09	0.008	16.348	0.011	0.012	-1.103	1470.597	
12/07/2019 15:29:09	0.007	16.31	0.011	0.012	-1.097	1470.469	
12/07/2019 15:29:10	0.006	16.269	0.011	0.012	-1.090	1470.330	
12/07/2019 15:29:10	0.006	16.229	0.013	0.013	-1.083	1470.195	
12/07/2019 15:29:10	0.008	16.191	0.011	0.012	-1.077	1470.065	
12/07/2019 15:29:10	0.008	16.154	0.013	0.013	-1.071	1469.941	
12/07/2019 15:29:11	0.005	16.112	0.012	0.013	-1.064	1469.797	
12/07/2019 15:29:11	0.005	16.069	0.013	0.013	-1.057	1469.652	
12/07/2019 15:29:11	0.006	16.026	0.011	0.012	-1.050	1469.504	
12/07/2019 15:29:11	0.007	15.983	0.012	0.013	-1.043	1469.358	
12/07/2019 15:29:12	0.005	15.942	0.012	0.013	-1.036	1469.218	
12/07/2019 15:29:12	0.005	15.901	0.01	0.012	-1.031	1469.076	
12/07/2019 15:29:12	0.006	15.862	0.012	0.013	-1.024	1468.944	
12/07/2019 15:29:12	0.007	15.824	0.012	0.013	-1.017	1468.814	
12/07/2019 15:29:13	0.004	15.785	0.012	0.013	-1.011	1468.680	
12/07/2019 15:29:13	0.005	15.747	0.015	0.014	-1.004	1468.551	
12/07/2019 15:29:13	0.005	15.711	0.013	0.013	-0.999	1468.426	
12/07/2019 15:29:13	0.006	15.676	0.015	0.014	-0.993	1468.307	
12/07/2019 15:29:14	0.004	15.642	0.013	0.013	-0.988	1468.189	
12/07/2019 15:29:14	0.004	15.611	0.013	0.013	-0.983	1468.082	
12/07/2019 15:29:14	0.004	15.582	0.015	0.014	-0.978	1467.983	
12/07/2019 15:29:14	0.005	15.554	0.016	0.014	-0.973	1467.887	
12/07/2019 15:29:15	0.001	15.53	0.04	0.027	-0.960	1467.819	
12/07/2019 15:29:15	0.002	15.503	0.015	0.014	-0.966	1467.710	
12/07/2019 15:29:15	0.001	15.476	0.012	0.012	-0.962	1467.615	
12/07/2019 15:29:15	0.001	15.449	0.011	0.012	-0.959	1467.521	
12/07/2019 15:29:16	0	15.424	0.013	0.013	-0.954	1467.436	
12/07/2019 15:29:16	0.001	15.398	0.012	0.012	-0.950	1467.345	
12/07/2019 15:29:16	0.001	15.37	0.012	0.012	-0.946	1467.248	
12/07/2019 15:29:16	0.001	15.346	0.013	0.013	-0.942	1467.165	
12/07/2019 15:29:17	-0.002	15.321	0.01	0.011	-0.939	1467.077	
12/07/2019 15:29:17	-0.001	15.298	0.01	0.011	-0.936	1466.997	
12/07/2019 15:29:17	-0.001	15.275	0.008	0.011	-0.933	1466.916	
12/07/2019 15:29:17	0	15.254	0.011	0.012	-0.928	1466.845	
12/07/2019 15:29:18	-0.002	15.232	0.009	0.011	-0.926	1466.767	
12/07/2019 15:29:18	-0.001	15.211	0.01	0.011	-0.922	1466.694	
12/07/2019 15:29:18	-0.001	15.19	0.012	0.012	-0.918	1466.622	
12/07/2019 15:29:18	0	15.17	0.009	0.011	-0.916	1466.551	
12/07/2019 15:29:19	-0.002	15.151	0.009	0.011	-0.913	1466.485	
12/07/2019 15:29:19	-0.001	15.132	0.011	0.012	-0.910	1466.419	
12/07/2019 15:29:19	0	15.114	0.01	0.011	-0.907	1466.356	
12/07/2019 15:29:19	0	15.096	0.011	0.012	-0.904	1466.294	
12/07/2019 15:29:20	-0.002	15.078	0.01	0.011	-0.902	1466.230	
12/07/2019 15:29:20	-0.002	15.063	0.013	0.013	-0.899	1466.180	
12/07/2019 15:29:20	-0.002	15.046	0.008	0.010	-0.898	1466.117	
12/07/2019 15:29:20	-0.001	15.03	0.008	0.010	-0.895	1466.061	
12/07/2019 15:29:21	-0.003	15.015	0.01	0.011	-0.892	1466.010	
12/07/2019 15:29:21	-0.002	15.002	0.007	0.010	-0.891	1465.963	
12/07/2019 15:29:21	-0.002	14.987	0.007	0.010	-0.889	1465.910	
12/07/2019 15:29:21	-0.001	14.973	0.008	0.010	-0.887	1465.862	
12/07/2019 15:29:22	-0.003	14.96	0.008	0.010	-0.885	1465.816	
12/07/2019 15:29:22	-0.003	14.949	0.007	0.010	-0.884	1465.777	
12/07/2019 15:29:22	-0.003	14.936	0.008	0.010	-0.881	1465.732	
12/07/2019 15:29:22	-0.002	14.922	0.009	0.011	-0.879	1465.683	
12/07/2019 15:29:23	-0.003	14.911	0.01	0.011	-0.877	1465.645	
12/07/2019 15:29:23	-0.003	14.985	0.008	0.010	-0.889	1465.904	
12/07/2019 15:29:23	-0.02	15.063	0.01	0.011	-0.900	1466.178	
12/07/2019 15:29:23	-0.021	15.094	0.013	0.013	-0.903	1466.288	
12/07/2019 15:29:24	-0.012	15.098	0.01	0.011	-0.905	1466.300	
12/07/2019 15:29:24	-0.011	15.09	0.012	0.012	-0.903	1466.273	
12/07/2019 15:29:24	-0.01	15.081	0.013	0.013	-0.901	1466.242	
12/07/2019 15:29:24	-0.01	15.072	0.009	0.011	-0.901	1466.209	
12/07/2019 15:29:25	-0.013	15.061	0.008	0.010	-0.900	1466.170	
12/07/2019 15:29:25	-0.013	15.055	0.007	0.010	-0.900	1466.148	
12/07/2019 15:29:25	-0.006	15.047	0.008	0.010	-0.898	1466.121	
12/07/2019 15:29:25	-0.006	15.038	0.008	0.010	-0.897	1466.089	
12/07/2019 15:29:26	-0.005	15.024	0.008	0.010	-0.894	1466.040	
12/07/2019 15:29:26	0.001	15.012	0.007	0.010	-0.893	1465.998	
12/07/2019 15:29:26	0.001	14.998	0.008	0.010	-0.891	1465.949	
12/07/2019 15:29:26	0.001	14.986	0.007	0.010	-0.889	1465.907	
12/07/2019 15:29:27	0	14.975	0.007	0.010	-0.887	1465.868	
12/07/2019 15:29:27	-0.004	14.963	0.007	0.010	-0.886	1465.826	
12/07/2019 15:29:27	-0.002	14.952	0.005	0.009	-0.885	1465.787	
12/07/2019 15:29:27	-0.002	14.941	0.006	0.010	-0.883	1465.748	
12/07/2019 15:29:28	-0.004	14.933	0.006	0.010	-0.881	1465.720	
12/07/2019 15:29:28	-0.003	14.925	0.007	0.010	-0.880	1465.693	
12/07/2019 15:29:28	-0.003	14.917	0.006	0.010	-0.879	1465.664	
12/07/2019 15:29:28	-0.003	14.909	0.007	0.010	-0.878	1465.637	
12/07/2019 15:29:29	-0.004	14.902	0.007	0.010	-0.877	1465.612	
12/07/2019 15:29:29	-0.004	14.896	0.006	0.010	-0.876	1465.590	
12/07/2019 15:29:29	-0.004	14.89	0.006	0.010	-0.875	1465.569	
12/07/2019 15:29:29	-0.003	14.885	0.005	0.009	-0.875	1465.551	
12/07/2019 15:29:30	-0.004	14.88	0.006	0.010	-0.874	1465.534	
12/07/2019 15:29:30	-0.004	14.874	0.007	0.010	-0.872	1465.514	
12/07/2019 15:29:30	-0.003	14.867	0.006	0.010	-0.872	1465.489	
12/07/2019 15:29:30	-0.003	14.863	0.007	0.010	-0.871	1465.475	
12/07/2019 15:29:31	-0.004	14.856	0.008	0.010	-0.869	1465.451	
12/07/2019 15:29:31	-0.004	14.85	0.005	0.009	-0.869	1465.428	
12/07/2019 15:29:31	-0.003	14.844	0.006	0.010	-0.868	1465.408	
12/07/2019 15:29:31	-0.003	14.837	0.007	0.010	-0.867	1465.384	
12/07/2019 15:29:32	-0.004	14.832	0.006	0.010	-0.866	1465.366	
12/07/2019 15:29:32	-0.004	14.827	0.006	0.010	-0.866	1465.348	
12/07/2019 15:29:32	-0.003	14.823	0.006	0.010	-0.865	1465.334	
12/07/2019 15:29:32	-0.003	14.816	0.008	0.010	-0.863	1465.310	
12/07/2019 15:29:33	-0.004	14.812	0.006	0.010	-0.863	1465.295	
12/07/2019 15:29:33	-0.004	14.809	0.005	0.009	-0.863	1465.284	
12/07/2019 15:29:33	-0.004	14.809	0.007	0.010	-0.863	1465.285	
12/07/2019 15:29:33	-0.003	14.809	0.006	0.010	-0.863	1465.285	
