Now: 12/07/2019 14:25:47
Battery Level: 1.2V
MiniCTD: S/N 49833
Site info: Bleble
Calibrated: 01/01/2001
Latitude: 0.000000
Mode: M4
Tare: 10.0934
Pressure units: dBar
12/07/2019 14:25:47	0.005	17.392	0.01	0.012	-1.283	1474.080	
12/07/2019 14:25:47	0.006	17.391	0.01	0.012	-1.283	1474.077	
12/07/2019 14:25:47	0.006	17.389	0.01	0.012	-1.283	1474.070	
12/07/2019 14:25:47	0.006	17.389	0.011	0.013	-1.283	1474.071	
12/07/2019 14:25:48	0.006	17.387	0.011	0.013	-1.282	1474.064	
12/07/2019 14:25:48	0.006	17.386	0.01	0.012	-1.282	1474.060	
12/07/2019 14:25:48	0.005	17.388	0.01	0.012	-1.283	1474.067	
12/07/2019 14:25:48	0.007	17.393	0.01	0.012	-1.284	1474.083	
12/07/2019 14:25:49	0.009	17.396	0.011	0.013	-1.284	1474.094	
12/07/2019 14:25:49	0.008	17.401	0.011	0.013	-1.285	1474.110	
12/07/2019 14:25:49	0.008	17.408	0.01	0.012	-1.286	1474.133	
12/07/2019 14:25:49	0.007	17.413	0.011	0.013	-1.287	1474.150	
12/07/2019 14:25:50	0.006	17.417	0.01	0.012	-1.288	1474.162	
12/07/2019 14:25:50	0.006	17.419	0.01	0.012	-1.288	1474.169	
12/07/2019 14:25:50	0.006	17.42	0.01	0.012	-1.288	1474.172	
12/07/2019 14:25:50	0.005	17.421	0.011	0.013	-1.288	1474.176	
12/07/2019 14:25:51	0.005	17.421	0.014	0.014	-1.287	1474.177	
12/07/2019 14:25:51	0.005	17.419	0.01	0.012	-1.288	1474.169	
12/07/2019 14:25:51	0.005	17.416	0.012	0.013	-1.287	1474.160	
12/07/2019 14:25:51	0.004	17.41	0.012	0.013	-1.286	1474.140	
12/07/2019 14:25:52	0.004	17.402	0.011	0.013	-1.285	1474.113	
12/07/2019 14:25:52	0.004	17.396	0.012	0.013	-1.284	1474.094	
12/07/2019 14:25:52	0.004	17.39	0.012	0.013	-1.282	1474.074	
12/07/2019 14:25:52	0.004	17.383	0.011	0.013	-1.282	1474.051	
12/07/2019 14:25:53	0.004	17.375	0.013	0.013	-1.279	1474.026	
12/07/2019 14:25:53	0.004	17.368	0.014	0.014	-1.278	1474.003	
12/07/2019 14:25:53	0.004	17.361	0.012	0.013	-1.277	1473.979	
12/07/2019 14:25:53	0.005	17.353	0.012	0.013	-1.276	1473.953	
12/07/2019 14:25:54	0.005	17.346	0.012	0.013	-1.275	1473.929	
12/07/2019 14:25:54	0.005	17.341	0.013	0.013	-1.273	1473.914	
12/07/2019 14:25:54	0.007	17.339	0.012	0.013	-1.273	1473.906	
12/07/2019 14:25:54	0.007	17.341	0.011	0.013	-1.274	1473.913	
12/07/2019 14:25:55	0.007	17.344	0.013	0.013	-1.274	1473.923	
12/07/2019 14:25:55	0.008	17.345	0.012	0.013	-1.274	1473.926	
12/07/2019 14:25:55	0.008	17.343	0.013	0.013	-1.274	1473.920	
12/07/2019 14:25:55	0.008	17.342	0.012	0.013	-1.274	1473.916	
12/07/2019 14:25:56	0.007	17.342	0.014	0.014	-1.273	1473.917	
12/07/2019 14:25:56	0.008	17.342	0.011	0.013	-1.274	1473.916	
12/07/2019 14:25:56	0.007	17.342	0.013	0.013	-1.274	1473.917	
12/07/2019 14:25:56	0.007	17.342	0.012	0.013	-1.274	1473.916	
12/07/2019 14:25:57	0.006	17.343	0.013	0.013	-1.274	1473.920	
12/07/2019 14:25:57	0.006	17.343	0.011	0.013	-1.274	1473.919	
12/07/2019 14:25:57	0.006	17.344	0.012	0.013	-1.274	1473.923	
12/07/2019 14:25:57	0.006	17.346	0.011	0.013	-1.275	1473.929	
12/07/2019 14:25:58	0.006	17.351	0.011	0.013	-1.276	1473.945	
12/07/2019 14:25:58	0.007	17.354	0.011	0.013	-1.276	1473.955	
12/07/2019 14:25:58	0.007	17.359	0.012	0.013	-1.277	1473.972	
12/07/2019 14:25:58	0.007	17.362	0.011	0.013	-1.278	1473.982	
12/07/2019 14:25:59	0.007	17.367	0.013	0.013	-1.278	1473.999	
12/07/2019 14:25:59	0.007	17.37	0.013	0.013	-1.279	1474.009	
12/07/2019 14:25:59	0.008	17.376	0.009	0.012	-1.281	1474.027	
12/07/2019 14:25:59	0.007	17.38	0.01	0.012	-1.281	1474.040	
12/07/2019 14:26:00	0.007	17.385	0.012	0.013	-1.282	1474.058	
12/07/2019 14:26:00	0.007	17.385	0.011	0.013	-1.282	1474.057	
12/07/2019 14:26:00	0.008	17.384	0.012	0.013	-1.281	1474.055	
12/07/2019 14:26:00	0.008	17.381	0.012	0.013	-1.281	1474.045	
12/07/2019 14:26:01	0.007	17.378	0.013	0.013	-1.280	1474.035	
12/07/2019 14:26:01	0.006	17.378	0.01	0.012	-1.281	1474.034	
12/07/2019 14:26:01	0.007	17.38	0.015	0.014	-1.280	1474.043	
12/07/2019 14:26:01	0.007	17.382	0.012	0.013	-1.281	1474.048	
12/07/2019 14:26:02	0.007	17.383	0.01	0.012	-1.282	1474.050	
12/07/2019 14:26:02	0.007	17.384	0.013	0.013	-1.281	1474.055	
12/07/2019 14:26:02	0.005	17.384	0.012	0.013	-1.281	1474.055	
12/07/2019 14:26:02	0.006	17.387	0.011	0.013	-1.282	1474.064	
12/07/2019 14:26:03	0.005	17.388	0.013	0.013	-1.282	1474.068	
12/07/2019 14:26:03	0.005	17.389	0.014	0.014	-1.282	1474.072	
12/07/2019 14:26:03	0.007	17.391	0.011	0.013	-1.283	1474.077	
12/07/2019 14:26:03	0.006	17.394	0.011	0.013	-1.283	1474.087	
12/07/2019 14:26:04	0.005	17.396	0.014	0.014	-1.283	1474.095	
12/07/2019 14:26:04	0.004	17.399	0.013	0.013	-1.284	1474.105	
12/07/2019 14:26:04	0.004	17.405	0.014	0.014	-1.284	1474.125	
12/07/2019 14:26:04	0.004	17.417	0.014	0.014	-1.287	1474.164	
12/07/2019 14:26:05	0.004	17.424	0.013	0.013	-1.288	1474.187	
12/07/2019 14:26:05	0.004	17.427	0.013	0.013	-1.289	1474.197	
12/07/2019 14:26:05	0.004	17.429	0.015	0.014	-1.288	1474.204	
12/07/2019 14:26:05	0.004	17.431	0.017	0.015	-1.288	1474.212	
12/07/2019 14:26:06	0.005	17.432	0.013	0.013	-1.290	1474.213	
12/07/2019 14:26:06	0.005	17.434	0.014	0.014	-1.290	1474.220	
12/07/2019 14:26:06	0.005	17.438	0.012	0.013	-1.291	1474.232	
12/07/2019 14:26:06	0.006	17.442	0.013	0.013	-1.291	1474.246	
12/07/2019 14:26:07	0.005	17.449	0.014	0.014	-1.292	1474.269	
12/07/2019 14:26:07	0.006	17.462	0.013	0.013	-1.295	1474.312	
12/07/2019 14:26:07	0.007	17.479	0.125	0.071	-1.253	1474.437	
12/07/2019 14:26:07	0.076	17.424	9.79	6.548	3.707	1481.758	
12/07/2019 14:26:08	0.224	17.156	9.588	6.445	3.680	1480.774	
12/07/2019 14:26:08	0.28	16.942	10.769	7.342	4.404	1481.108	
12/07/2019 14:26:08	0.432	16.809	10.839	7.418	4.488	1480.763	
12/07/2019 14:26:08	0.648	16.719	10.841	7.436	4.519	1480.492	
12/07/2019 14:26:09	0.902	16.658	10.841	7.447	4.540	1480.309	
12/07/2019 14:26:09	1.055	16.612	10.834	7.450	4.552	1480.164	
12/07/2019 14:26:09	1.067	16.583	10.842	7.462	4.566	1480.081	
12/07/2019 14:26:09	1.093	16.555	10.843	7.468	4.576	1479.996	
12/07/2019 14:26:10	1.119	16.539	10.845	7.472	4.582	1479.949	
12/07/2019 14:26:10	1.125	16.528	10.844	7.473	4.585	1479.915	
12/07/2019 14:26:10	1.121	16.526	10.835	7.467	4.581	1479.901	
12/07/2019 14:26:10	1.108	16.525	10.831	7.464	4.579	1479.894	
12/07/2019 14:26:11	1.096	16.524	10.838	7.470	4.583	1479.897	
12/07/2019 14:26:11	1.081	16.525	10.842	7.472	4.585	1479.903	
12/07/2019 14:26:11	1.069	16.521	10.845	7.475	4.588	1479.893	
12/07/2019 14:26:11	1.058	16.524	10.847	7.476	4.588	1479.904	
12/07/2019 14:26:12	1.05	16.534	10.85	7.477	4.586	1479.937	
12/07/2019 14:26:12	1.044	16.545	10.854	7.478	4.585	1479.974	
12/07/2019 14:26:12	1.04	16.55	10.856	7.478	4.585	1479.991	
12/07/2019 14:26:12	1.038	16.555	10.852	7.474	4.581	1480.003	
12/07/2019 14:26:13	1.038	16.569	10.85	7.470	4.575	1480.045	
12/07/2019 14:26:13	1.034	16.583	10.849	7.467	4.570	1480.087	
12/07/2019 14:26:13	1.034	16.587	10.847	7.465	4.567	1480.097	
12/07/2019 14:26:13	1.028	16.58	10.848	7.467	4.570	1480.077	
12/07/2019 14:26:14	1.032	16.572	10.851	7.470	4.574	1480.055	
12/07/2019 14:26:14	1.04	16.571	10.857	7.475	4.578	1480.057	
12/07/2019 14:26:14	1.04	16.575	10.855	7.473	4.576	1480.067	
12/07/2019 14:26:14	1.024	16.575	10.853	7.471	4.575	1480.065	
12/07/2019 14:26:15	0.996	16.582	10.851	7.469	4.571	1480.085	
12/07/2019 14:26:15	0.979	16.586	10.843	7.462	4.565	1480.090	
12/07/2019 14:26:15	0.981	16.607	10.848	7.462	4.561	1480.159	
12/07/2019 14:26:15	1.017	16.629	10.852	7.461	4.556	1480.231	
12/07/2019 14:26:16	1.083	16.64	10.855	7.461	4.555	1480.268	
12/07/2019 14:26:16	1.16	16.646	10.858	7.462	4.555	1480.290	
12/07/2019 14:26:16	1.191	16.642	10.859	7.463	4.557	1480.279	
12/07/2019 14:26:16	1.212	16.642	10.859	7.463	4.557	1480.280	
12/07/2019 14:26:17	1.21	16.65	10.859	7.462	4.554	1480.304	
12/07/2019 14:26:17	1.168	16.65	10.862	7.464	4.556	1480.306	
12/07/2019 14:26:17	1.066	16.651	10.86	7.463	4.554	1480.306	
12/07/2019 14:26:17	1.029	16.648	10.862	7.465	4.556	1480.298	
12/07/2019 14:26:18	0.992	16.643	10.862	7.466	4.557	1480.282	
12/07/2019 14:26:18	0.974	16.633	10.855	7.462	4.557	1480.245	
12/07/2019 14:26:18	0.964	16.621	10.855	7.464	4.560	1480.208	
12/07/2019 14:26:18	0.957	16.612	10.853	7.465	4.562	1480.178	
12/07/2019 14:26:19	0.951	16.608	10.854	7.466	4.564	1480.167	
12/07/2019 14:26:19	0.948	16.6	10.855	7.468	4.567	1480.143	
12/07/2019 14:26:19	0.95	16.591	10.856	7.471	4.571	1480.116	
12/07/2019 14:26:19	0.964	16.591	10.858	7.472	4.572	1480.118	
12/07/2019 14:26:20	0.99	16.601	10.856	7.469	4.568	1480.148	
12/07/2019 14:26:20	1.021	16.615	10.858	7.468	4.564	1480.193	
12/07/2019 14:26:20	1.054	16.626	10.857	7.465	4.560	1480.226	
12/07/2019 14:26:20	1.091	16.634	10.858	7.464	4.559	1480.252	
12/07/2019 14:26:21	1.136	16.638	10.855	7.461	4.556	1480.263	
12/07/2019 14:26:21	1.187	16.64	10.848	7.456	4.551	1480.264	
12/07/2019 14:26:21	1.206	16.641	10.849	7.456	4.552	1480.268	
12/07/2019 14:26:21	1.223	16.642	10.854	7.460	4.554	1480.276	
12/07/2019 14:26:22	1.249	16.641	10.856	7.461	4.556	1480.275	
12/07/2019 14:26:22	1.326	16.639	10.854	7.460	4.556	1480.268	
12/07/2019 14:26:22	1.382	16.638	10.856	7.462	4.557	1480.268	
12/07/2019 14:26:22	1.428	16.637	10.856	7.462	4.558	1480.265	
12/07/2019 14:26:23	1.449	16.636	10.857	7.463	4.559	1480.264	
12/07/2019 14:26:23	1.461	16.636	10.858	7.464	4.560	1480.265	
12/07/2019 14:26:23	1.528	16.636	10.858	7.464	4.560	1480.266	
12/07/2019 14:26:23	1.635	16.634	10.854	7.461	4.559	1480.258	
12/07/2019 14:26:24	1.761	16.637	10.853	7.460	4.558	1480.268	
12/07/2019 14:26:24	1.863	16.637	10.849	7.457	4.556	1480.267	
12/07/2019 14:26:24	1.865	16.629	10.846	7.456	4.557	1480.239	
12/07/2019 14:26:24	1.916	16.617	10.847	7.459	4.562	1480.204	
12/07/2019 14:26:25	1.967	16.601	10.852	7.466	4.570	1480.160	
12/07/2019 14:26:25	2.012	16.588	10.852	7.468	4.574	1480.121	
12/07/2019 14:26:25	2.055	16.592	10.837	7.456	4.565	1480.121	
12/07/2019 14:26:25	2.096	16.598	10.841	7.458	4.565	1480.143	
12/07/2019 14:26:26	2.202	16.596	10.846	7.462	4.569	1480.143	
12/07/2019 14:26:26	2.355	16.586	10.858	7.473	4.580	1480.125	
12/07/2019 14:26:26	2.485	16.59	10.859	7.473	4.580	1480.141	
12/07/2019 14:26:26	2.614	16.603	10.86	7.471	4.577	1480.184	
12/07/2019 14:26:27	2.727	16.618	10.86	7.469	4.572	1480.231	
12/07/2019 14:26:27	2.809	16.629	10.861	7.467	4.570	1480.268	
12/07/2019 14:26:27	2.835	16.636	10.863	7.467	4.569	1480.291	
12/07/2019 14:26:27	2.877	16.643	10.861	7.465	4.565	1480.312	
12/07/2019 14:26:28	2.888	16.649	10.861	7.464	4.563	1480.330	
12/07/2019 14:26:28	2.932	16.653	10.861	7.463	4.562	1480.343	
12/07/2019 14:26:28	2.903	16.653	10.862	7.464	4.563	1480.344	
12/07/2019 14:26:28	2.889	16.636	10.861	7.466	4.568	1480.290	
12/07/2019 14:26:29	2.863	16.603	10.861	7.472	4.578	1480.188	
12/07/2019 14:26:29	2.882	16.583	10.856	7.472	4.582	1480.123	
12/07/2019 14:26:29	2.908	16.569	10.853	7.472	4.585	1480.078	
12/07/2019 14:26:29	2.926	16.566	10.857	7.476	4.588	1480.072	
12/07/2019 14:26:30	3.014	16.568	10.862	7.479	4.591	1480.084	
12/07/2019 14:26:30	3.122	16.58	10.861	7.476	4.587	1480.122	
12/07/2019 14:26:30	3.246	16.597	10.862	7.474	4.583	1480.177	
12/07/2019 14:26:30	3.348	16.617	10.862	7.470	4.577	1480.240	
12/07/2019 14:26:31	3.48	16.628	10.861	7.467	4.573	1480.275	
12/07/2019 14:26:31	3.616	16.63	10.86	7.466	4.572	1480.283	
12/07/2019 14:26:31	3.744	16.627	10.858	7.465	4.573	1480.274	
12/07/2019 14:26:31	3.867	16.624	10.859	7.467	4.575	1480.268	
12/07/2019 14:26:32	3.967	16.622	10.85	7.460	4.571	1480.255	
12/07/2019 14:26:32	3.942	16.611	10.845	7.459	4.572	1480.217	
12/07/2019 14:26:32	3.942	16.596	10.841	7.458	4.574	1480.167	
12/07/2019 14:26:32	3.922	16.581	10.834	7.456	4.575	1480.115	
12/07/2019 14:26:33	3.918	16.553	10.84	7.466	4.587	1480.034	
12/07/2019 14:26:33	3.903	16.533	10.847	7.474	4.598	1479.978	
12/07/2019 14:26:33	3.888	16.535	10.828	7.460	4.586	1479.967	
12/07/2019 14:26:33	3.89	16.542	10.82	7.453	4.580	1479.982	
12/07/2019 14:26:34	3.975	16.539	10.829	7.460	4.586	1479.982	
12/07/2019 14:26:34	4.021	16.528	10.808	7.446	4.578	1479.931	
12/07/2019 14:26:34	4.078	16.519	10.798	7.441	4.575	1479.896	
12/07/2019 14:26:34	4.154	16.505	10.799	7.444	4.581	1479.854	
12/07/2019 14:26:35	4.242	16.476	10.802	7.452	4.592	1479.769	
12/07/2019 14:26:35	4.324	16.446	10.798	7.454	4.600	1479.674	
12/07/2019 14:26:35	4.395	16.423	10.734	7.411	4.572	1479.549	
12/07/2019 14:26:35	4.473	16.394	10.75	7.428	4.590	1479.474	
12/07/2019 14:26:36	4.543	16.331	10.754	7.443	4.613	1479.284	
12/07/2019 14:26:36	4.601	16.273	10.748	7.449	4.629	1479.100	
12/07/2019 14:26:36	4.681	16.228	10.697	7.419	4.615	1478.917	
12/07/2019 14:26:36	4.719	16.185	10.664	7.402	4.610	1478.755	
12/07/2019 14:26:37	4.744	16.092	10.632	7.395	4.621	1478.438	
12/07/2019 14:26:37	4.773	15.965	10.621	7.411	4.656	1478.032	
12/07/2019 14:26:37	4.799	15.864	10.613	7.423	4.683	1477.709	
12/07/2019 14:26:37	4.857	15.774	10.608	7.436	4.709	1477.423	
12/07/2019 14:26:38	4.867	15.715	10.607	7.446	4.728	1477.236	
12/07/2019 14:26:38	4.914	15.663	10.604	7.454	4.742	1477.070	
12/07/2019 14:26:38	4.991	15.63	10.599	7.456	4.750	1476.963	
12/07/2019 14:26:38	5.056	15.612	10.598	7.459	4.756	1476.906	
12/07/2019 14:26:39	5.113	15.601	10.599	7.462	4.760	1476.873	
12/07/2019 14:26:39	5.153	15.586	10.598	7.464	4.765	1476.826	
12/07/2019 14:26:39	5.213	15.576	10.595	7.463	4.766	1476.792	
12/07/2019 14:26:39	5.279	15.571	10.596	7.465	4.769	1476.779	
12/07/2019 14:26:40	5.335	15.564	10.596	7.466	4.771	1476.757	
12/07/2019 14:26:40	5.386	15.56	10.595	7.466	4.772	1476.745	
12/07/2019 14:26:40	5.451	15.559	10.594	7.466	4.772	1476.742	
12/07/2019 14:26:40	5.492	15.556	10.593	7.466	4.773	1476.732	
12/07/2019 14:26:41	5.475	15.555	10.595	7.467	4.774	1476.730	
12/07/2019 14:26:41	5.487	15.547	10.597	7.470	4.778	1476.707	
12/07/2019 14:26:41	5.496	15.539	10.598	7.473	4.781	1476.683	
12/07/2019 14:26:41	5.521	15.533	10.597	7.473	4.782	1476.663	
12/07/2019 14:26:42	5.58	15.532	10.599	7.475	4.784	1476.663	
12/07/2019 14:26:42	5.689	15.535	10.595	7.471	4.781	1476.670	
12/07/2019 14:26:42	5.843	15.543	10.598	7.472	4.781	1476.701	
12/07/2019 14:26:42	5.977	15.546	10.597	7.470	4.780	1476.712	
12/07/2019 14:26:43	6.081	15.547	10.598	7.471	4.781	1476.717	
12/07/2019 14:26:43	6.195	15.545	10.597	7.471	4.782	1476.712	
12/07/2019 14:26:43	6.294	15.545	10.598	7.471	4.783	1476.715	
12/07/2019 14:26:43	6.397	15.544	10.599	7.472	4.784	1476.714	
12/07/2019 14:26:44	6.445	15.546	10.599	7.472	4.784	1476.721	
12/07/2019 14:26:44	6.512	15.55	10.598	7.470	4.782	1476.734	
12/07/2019 14:26:44	6.598	15.547	10.599	7.472	4.784	1476.727	
12/07/2019 14:26:44	6.645	15.543	10.595	7.469	4.783	1476.711	
12/07/2019 14:26:45	6.581	15.541	10.596	7.471	4.784	1476.705	
12/07/2019 14:26:45	6.56	15.534	10.597	7.473	4.787	1476.683	
12/07/2019 14:26:45	6.513	15.529	10.598	7.474	4.789	1476.667	
12/07/2019 14:26:45	6.487	15.526	10.596	7.473	4.788	1476.656	
12/07/2019 14:26:46	6.441	15.524	10.596	7.474	4.789	1476.649	
12/07/2019 14:26:46	6.414	15.523	10.597	7.475	4.790	1476.646	
12/07/2019 14:26:46	6.402	15.522	10.593	7.472	4.788	1476.639	
12/07/2019 14:26:46	6.482	15.524	10.592	7.471	4.787	1476.646	
12/07/2019 14:26:47	6.598	15.528	10.59	7.468	4.785	1476.659	
12/07/2019 14:26:47	6.726	15.525	10.592	7.471	4.787	1476.653	
12/07/2019 14:26:47	6.86	15.524	10.594	7.472	4.790	1476.654	
12/07/2019 14:26:47	6.987	15.522	10.593	7.472	4.790	1476.649	
12/07/2019 14:26:48	7.094	15.521	10.592	7.471	4.790	1476.646	
12/07/2019 14:26:48	7.213	15.52	10.591	7.471	4.791	1476.644	
12/07/2019 14:26:48	7.328	15.519	10.594	7.473	4.793	1476.646	
12/07/2019 14:26:48	7.444	15.519	10.593	7.472	4.793	1476.647	
12/07/2019 14:26:49	7.592	15.516	10.591	7.471	4.794	1476.638	
12/07/2019 14:26:49	7.746	15.511	10.59	7.472	4.795	1476.623	
12/07/2019 14:26:49	7.892	15.506	10.589	7.472	4.797	1476.609	
12/07/2019 14:26:49	8.063	15.501	10.591	7.474	4.801	1476.598	
12/07/2019 14:26:50	8.236	15.496	10.586	7.471	4.800	1476.580	
12/07/2019 14:26:50	8.42	15.491	10.585	7.471	4.802	1476.567	
12/07/2019 14:26:50	8.469	15.487	10.588	7.474	4.805	1476.557	
12/07/2019 14:26:50	8.519	15.481	10.586	7.474	4.806	1476.537	
12/07/2019 14:26:51	8.552	15.477	10.585	7.474	4.807	1476.524	
12/07/2019 14:26:51	8.577	15.474	10.581	7.472	4.806	1476.512	
12/07/2019 14:26:51	8.571	15.475	10.583	7.473	4.806	1476.517	
12/07/2019 14:26:51	8.579	15.471	10.582	7.473	4.807	1476.503	
12/07/2019 14:26:52	8.626	15.469	10.583	7.474	4.809	1476.498	
12/07/2019 14:26:52	8.686	15.473	10.581	7.472	4.806	1476.510	
12/07/2019 14:26:52	8.738	15.478	10.58	7.470	4.804	1476.526	
12/07/2019 14:26:52	8.734	15.481	10.58	7.469	4.804	1476.536	
12/07/2019 14:26:53	8.782	15.476	10.579	7.470	4.805	1476.520	
12/07/2019 14:26:53	8.859	15.476	10.58	7.470	4.806	1476.522	
12/07/2019 14:26:53	8.917	15.475	10.575	7.467	4.803	1476.515	
12/07/2019 14:26:53	9.038	15.472	10.576	7.468	4.805	1476.508	
12/07/2019 14:26:54	9.243	15.469	10.577	7.469	4.808	1476.503	
12/07/2019 14:26:54	9.49	15.464	10.575	7.469	4.809	1476.490	
12/07/2019 14:26:54	9.71	15.455	10.574	7.470	4.813	1476.464	
12/07/2019 14:26:54	9.854	15.444	10.574	7.472	4.817	1476.431	
12/07/2019 14:26:55	9.982	15.435	10.576	7.475	4.821	1476.406	
12/07/2019 14:26:55	10.123	15.427	10.573	7.474	4.823	1476.381	
12/07/2019 14:26:55	10.254	15.424	10.569	7.472	4.822	1476.370	
12/07/2019 14:26:55	10.317	15.422	10.568	7.471	4.822	1476.364	
12/07/2019 14:26:56	10.354	15.419	10.569	7.473	4.824	1476.355	
12/07/2019 14:26:56	10.37	15.415	10.571	7.475	4.827	1476.345	
12/07/2019 14:26:56	10.37	15.413	10.57	7.474	4.827	1476.338	
12/07/2019 14:26:56	10.318	15.413	10.572	7.476	4.828	1476.338	
12/07/2019 14:26:57	10.243	15.413	10.574	7.478	4.828	1476.339	
12/07/2019 14:26:57	10.212	15.413	10.573	7.477	4.828	1476.338	
12/07/2019 14:26:57	10.204	15.413	10.573	7.477	4.828	1476.338	
12/07/2019 14:26:57	10.23	15.416	10.57	7.474	4.825	1476.345	
12/07/2019 14:26:58	10.342	15.417	10.564	7.469	4.822	1476.344	
12/07/2019 14:26:58	10.513	15.418	10.564	7.469	4.822	1476.350	
12/07/2019 14:26:58	10.729	15.415	10.563	7.469	4.823	1476.344	
12/07/2019 14:26:58	10.959	15.41	10.559	7.467	4.824	1476.328	
12/07/2019 14:26:59	11.164	15.404	10.56	7.468	4.827	1476.313	
12/07/2019 14:26:59	11.314	15.396	10.56	7.470	4.830	1476.290	
12/07/2019 14:26:59	11.398	15.391	10.557	7.469	4.831	1476.273	
12/07/2019 14:26:59	11.498	15.388	10.557	7.469	4.832	1476.265	
12/07/2019 14:27:00	11.63	15.386	10.559	7.471	4.834	1476.262	
12/07/2019 14:27:00	11.766	15.385	10.558	7.470	4.835	1476.261	
12/07/2019 14:27:00	11.894	15.385	10.557	7.470	4.835	1476.262	
12/07/2019 14:27:00	11.972	15.383	10.557	7.470	4.836	1476.257	
12/07/2019 14:27:01	11.997	15.381	10.557	7.470	4.836	1476.251	
12/07/2019 14:27:01	11.984	15.378	10.558	7.472	4.838	1476.242	
12/07/2019 14:27:01	12.026	15.374	10.555	7.470	4.838	1476.227	
12/07/2019 14:27:01	12.154	15.371	10.553	7.469	4.838	1476.218	
12/07/2019 14:27:02	12.386	15.371	10.553	7.469	4.839	1476.222	
12/07/2019 14:27:02	12.584	15.367	10.549	7.467	4.839	1476.209	
12/07/2019 14:27:02	12.643	15.362	10.55	7.469	4.841	1476.195	
12/07/2019 14:27:02	12.666	15.356	10.553	7.472	4.845	1476.179	
12/07/2019 14:27:03	12.705	15.353	10.551	7.471	4.845	1476.168	
12/07/2019 14:27:03	12.758	15.35	10.55	7.471	4.846	1476.158	
12/07/2019 14:27:03	12.793	15.348	10.548	7.470	4.845	1476.151	
12/07/2019 14:27:03	12.811	15.35	10.547	7.469	4.844	1476.157	
12/07/2019 14:27:04	12.863	15.352	10.545	7.467	4.843	1476.162	
12/07/2019 14:27:04	12.966	15.35	10.545	7.467	4.844	1476.157	
12/07/2019 14:27:04	13.094	15.349	10.545	7.467	4.845	1476.156	
12/07/2019 14:27:04	13.222	15.348	10.546	7.468	4.846	1476.156	
12/07/2019 14:27:05	13.328	15.345	10.546	7.469	4.847	1476.148	
12/07/2019 14:27:05	13.421	15.343	10.545	7.468	4.848	1476.142	
12/07/2019 14:27:05	13.574	15.337	10.544	7.469	4.850	1476.125	
12/07/2019 14:27:05	13.749	15.333	10.543	7.469	4.851	1476.114	
12/07/2019 14:27:06	13.967	15.329	10.54	7.467	4.852	1476.102	
12/07/2019 14:27:06	14.245	15.322	10.54	7.468	4.855	1476.085	
12/07/2019 14:27:06	14.558	15.316	10.536	7.466	4.856	1476.067	
12/07/2019 14:27:06	14.73	15.308	10.538	7.469	4.861	1476.046	
12/07/2019 14:27:07	14.879	15.303	10.538	7.470	4.863	1476.033	
12/07/2019 14:27:07	14.947	15.301	10.54	7.472	4.865	1476.029	
12/07/2019 14:27:07	14.966	15.301	10.541	7.473	4.866	1476.030	
12/07/2019 14:27:07	14.97	15.3	10.543	7.475	4.867	1476.029	
12/07/2019 14:27:08	14.973	15.299	10.542	7.474	4.867	1476.025	
12/07/2019 14:27:08	15.008	15.301	10.542	7.474	4.867	1476.032	
12/07/2019 14:27:08	15.034	15.302	10.541	7.473	4.866	1476.035	
12/07/2019 14:27:08	14.957	15.303	10.543	7.474	4.866	1476.038	
12/07/2019 14:27:09	14.908	15.303	10.542	7.473	4.865	1476.037	
12/07/2019 14:27:09	14.93	15.302	10.542	7.474	4.866	1476.034	
12/07/2019 14:27:09	15.064	15.301	10.538	7.471	4.864	1476.029	
12/07/2019 14:27:09	15.309	15.302	10.539	7.471	4.866	1476.037	
12/07/2019 14:27:10	15.606	15.301	10.536	7.469	4.866	1476.036	
12/07/2019 14:27:10	15.923	15.297	10.537	7.471	4.869	1476.029	
12/07/2019 14:27:10	16.23	15.294	10.538	7.472	4.872	1476.026	
12/07/2019 14:27:10	16.423	15.291	10.537	7.472	4.873	1476.018	
12/07/2019 14:27:11	16.549	15.288	10.539	7.474	4.876	1476.013	
12/07/2019 14:27:11	16.652	15.287	10.541	7.475	4.878	1476.013	
12/07/2019 14:27:11	16.713	15.285	10.539	7.474	4.878	1476.006	
12/07/2019 14:27:11	16.816	15.285	10.539	7.474	4.878	1476.007	
12/07/2019 14:27:12	16.919	15.286	10.539	7.474	4.878	1476.012	
12/07/2019 14:27:12	17.024	15.285	10.539	7.474	4.879	1476.011	
12/07/2019 14:27:12	17.126	15.284	10.54	7.475	4.880	1476.010	
12/07/2019 14:27:12	17.214	15.285	10.541	7.476	4.881	1476.016	
12/07/2019 14:27:13	17.195	15.285	10.543	7.477	4.882	1476.017	
12/07/2019 14:27:13	17.111	15.284	10.542	7.477	4.881	1476.012	
12/07/2019 14:27:13	17.112	15.282	10.544	7.479	4.883	1476.007	
12/07/2019 14:27:13	17.254	15.28	10.541	7.477	4.883	1476.000	
12/07/2019 14:27:14	17.504	15.281	10.54	7.476	4.883	1476.007	
12/07/2019 14:27:14	17.831	15.28	10.538	7.474	4.884	1476.007	
12/07/2019 14:27:14	18.119	15.277	10.537	7.474	4.885	1476.001	
12/07/2019 14:27:14	18.273	15.274	10.538	7.475	4.888	1475.995	
12/07/2019 14:27:15	18.342	15.274	10.539	7.476	4.888	1475.997	
12/07/2019 14:27:15	18.385	15.273	10.538	7.476	4.888	1475.994	
12/07/2019 14:27:15	18.449	15.272	10.539	7.477	4.890	1475.992	
12/07/2019 14:27:15	18.54	15.271	10.536	7.475	4.889	1475.988	
12/07/2019 14:27:16	18.645	15.272	10.538	7.476	4.890	1475.995	
12/07/2019 14:27:16	18.733	15.273	10.538	7.476	4.890	1475.999	
12/07/2019 14:27:16	18.81	15.273	10.537	7.475	4.890	1476.000	
12/07/2019 14:27:16	18.899	15.273	10.537	7.475	4.890	1476.001	
12/07/2019 14:27:17	18.988	15.273	10.537	7.475	4.891	1476.003	
12/07/2019 14:27:17	19.065	15.273	10.537	7.475	4.891	1476.004	
12/07/2019 14:27:17	19.192	15.271	10.536	7.474	4.891	1475.999	
12/07/2019 14:27:17	19.355	15.269	10.535	7.474	4.892	1475.994	
12/07/2019 14:27:18	19.592	15.269	10.535	7.474	4.893	1475.998	
12/07/2019 14:27:18	19.907	15.267	10.534	7.474	4.895	1475.996	
12/07/2019 14:27:18	20.317	15.261	10.534	7.475	4.899	1475.983	
12/07/2019 14:27:18	20.693	15.251	10.531	7.474	4.902	1475.955	
12/07/2019 14:27:19	20.917	15.24	10.531	7.476	4.906	1475.923	
12/07/2019 14:27:19	21.045	15.23	10.534	7.480	4.912	1475.896	
12/07/2019 14:27:19	21.093	15.225	10.534	7.481	4.913	1475.881	
12/07/2019 14:27:19	21.104	15.221	10.535	7.483	4.915	1475.869	
12/07/2019 14:27:20	21.12	15.22	10.536	7.484	4.916	1475.867	
12/07/2019 14:27:20	21.134	15.219	10.535	7.483	4.916	1475.863	
12/07/2019 14:27:20	21.133	15.219	10.534	7.483	4.915	1475.863	
12/07/2019 14:27:20	21.124	15.221	10.533	7.481	4.914	1475.868	
12/07/2019 14:27:21	21.125	15.221	10.534	7.482	4.915	1475.869	
12/07/2019 14:27:21	21.191	15.222	10.533	7.481	4.914	1475.872	
12/07/2019 14:27:21	21.331	15.223	10.532	7.480	4.914	1475.877	
12/07/2019 14:27:21	21.501	15.223	10.534	7.482	4.916	1475.881	
12/07/2019 14:27:22	21.69	15.22	10.535	7.483	4.918	1475.876	
12/07/2019 14:27:22	21.796	15.213	10.537	7.486	4.922	1475.857	
12/07/2019 14:27:22	21.879	15.204	10.534	7.485	4.924	1475.827	
12/07/2019 14:27:22	21.956	15.197	10.533	7.486	4.926	1475.805	
12/07/2019 14:27:23	22.01	15.19	10.534	7.488	4.929	1475.784	
12/07/2019 14:27:23	22.077	15.185	10.531	7.487	4.929	1475.767	
12/07/2019 14:27:23	22.126	15.182	10.533	7.489	4.931	1475.760	
12/07/2019 14:27:23	22.142	15.18	10.532	7.488	4.931	1475.753	
12/07/2019 14:27:24	22.163	15.175	10.533	7.490	4.933	1475.738	
12/07/2019 14:27:24	22.223	15.172	10.533	7.491	4.935	1475.729	
12/07/2019 14:27:24	22.279	15.172	10.532	7.490	4.934	1475.729	
12/07/2019 14:27:24	22.324	15.174	10.535	7.492	4.936	1475.739	
12/07/2019 14:27:25	22.345	15.174	10.533	7.490	4.935	1475.738	
12/07/2019 14:27:25	22.363	15.174	10.534	7.491	4.935	1475.739	
12/07/2019 14:27:25	22.409	15.169	10.534	7.492	4.937	1475.724	
12/07/2019 14:27:25	22.449	15.169	10.534	7.492	4.937	1475.724	
12/07/2019 14:27:26	22.484	15.167	10.534	7.492	4.938	1475.718	
12/07/2019 14:27:26	22.484	15.168	10.534	7.492	4.938	1475.722	
12/07/2019 14:27:26	22.477	15.165	10.535	7.493	4.939	1475.713	
12/07/2019 14:27:26	22.493	15.162	10.533	7.492	4.939	1475.702	
12/07/2019 14:27:27	22.51	15.161	10.535	7.494	4.941	1475.701	
12/07/2019 14:27:27	22.504	15.16	10.535	7.494	4.941	1475.697	
12/07/2019 14:27:27	22.496	15.16	10.536	7.495	4.941	1475.698	
12/07/2019 14:27:27	22.502	15.163	10.536	7.495	4.940	1475.708	
12/07/2019 14:27:28	22.539	15.165	10.535	7.493	4.939	1475.714	
12/07/2019 14:27:28	22.62	15.164	10.534	7.493	4.940	1475.711	
12/07/2019 14:27:28	22.73	15.166	10.533	7.492	4.939	1475.718	
12/07/2019 14:27:28	22.807	15.166	10.533	7.492	4.939	1475.720	
12/07/2019 14:27:29	22.905	15.165	10.534	7.493	4.940	1475.719	
12/07/2019 14:27:29	23.008	15.162	10.535	7.494	4.942	1475.712	
12/07/2019 14:27:29	23.082	15.162	10.536	7.495	4.943	1475.714	
12/07/2019 14:27:29	23.162	15.16	10.536	7.495	4.944	1475.709	
12/07/2019 14:27:30	23.231	15.158	10.534	7.494	4.944	1475.702	
12/07/2019 14:27:30	23.252	15.157	10.533	7.493	4.944	1475.698	
12/07/2019 14:27:30	23.298	15.155	10.537	7.497	4.947	1475.696	
12/07/2019 14:27:30	23.328	15.155	10.536	7.496	4.947	1475.695	
12/07/2019 14:27:31	23.34	15.156	10.537	7.497	4.947	1475.700	
12/07/2019 14:27:31	23.327	15.157	10.537	7.496	4.947	1475.703	
12/07/2019 14:27:31	23.286	15.157	10.537	7.496	4.946	1475.702	
12/07/2019 14:27:31	23.269	15.155	10.538	7.498	4.948	1475.696	
12/07/2019 14:27:32	23.276	15.153	10.537	7.497	4.948	1475.689	
12/07/2019 14:27:32	23.287	15.151	10.537	7.498	4.948	1475.683	
12/07/2019 14:27:32	23.292	15.151	10.536	7.497	4.948	1475.682	
12/07/2019 14:27:32	23.365	15.151	10.538	7.498	4.949	1475.685	
12/07/2019 14:27:33	23.496	15.153	10.54	7.499	4.950	1475.695	
12/07/2019 14:27:33	23.613	15.156	10.54	7.499	4.950	1475.707	
12/07/2019 14:27:33	23.689	15.158	10.542	7.500	4.951	1475.716	
12/07/2019 14:27:33	23.752	15.16	10.542	7.500	4.951	1475.724	
12/07/2019 14:27:34	23.813	15.161	10.542	7.499	4.951	1475.728	
12/07/2019 14:27:34	23.867	15.161	10.544	7.501	4.952	1475.731	
12/07/2019 14:27:34	23.905	15.162	10.546	7.502	4.953	1475.736	
12/07/2019 14:27:34	23.931	15.162	10.546	7.502	4.953	1475.737	
12/07/2019 14:27:35	23.966	15.164	10.544	7.500	4.951	1475.742	
12/07/2019 14:27:35	24.014	15.165	10.545	7.501	4.952	1475.747	
12/07/2019 14:27:35	24.071	15.165	10.545	7.501	4.952	1475.748	
12/07/2019 14:27:35	24.119	15.167	10.543	7.499	4.951	1475.753	
12/07/2019 14:27:36	24.166	15.167	10.545	7.501	4.952	1475.755	
12/07/2019 14:27:36	24.165	15.166	10.547	7.502	4.954	1475.754	
12/07/2019 14:27:36	24.14	15.167	10.546	7.501	4.953	1475.756	
12/07/2019 14:27:36	24.112	15.166	10.545	7.501	4.952	1475.751	
12/07/2019 14:27:37	24.177	15.162	10.543	7.500	4.952	1475.738	
12/07/2019 14:27:37	24.316	15.162	10.541	7.498	4.952	1475.738	
12/07/2019 14:27:37	24.501	15.16	10.542	7.500	4.954	1475.736	
12/07/2019 14:27:37	24.655	15.155	10.538	7.497	4.954	1475.719	
12/07/2019 14:27:38	24.743	15.151	10.541	7.500	4.957	1475.710	
12/07/2019 14:27:38	24.776	15.148	10.543	7.503	4.960	1475.703	
12/07/2019 14:27:38	24.807	15.146	10.543	7.503	4.960	1475.697	
12/07/2019 14:27:38	24.86	15.142	10.543	7.504	4.962	1475.685	
12/07/2019 14:27:39	24.934	15.141	10.543	7.504	4.963	1475.683	
12/07/2019 14:27:39	25.003	15.139	10.545	7.506	4.965	1475.680	
12/07/2019 14:27:39	25.072	15.138	10.545	7.506	4.965	1475.677	
12/07/2019 14:27:39	25.135	15.139	10.544	7.505	4.965	1475.681	
12/07/2019 14:27:40	25.203	15.137	10.547	7.508	4.967	1475.678	
12/07/2019 14:27:40	25.236	15.135	10.546	7.507	4.968	1475.671	
12/07/2019 14:27:40	25.239	15.135	10.546	7.507	4.968	1475.671	
12/07/2019 14:27:40	25.273	15.134	10.547	7.508	4.969	1475.670	
12/07/2019 14:27:41	25.266	15.131	10.547	7.509	4.970	1475.660	
12/07/2019 14:27:41	25.198	15.13	10.546	7.508	4.969	1475.655	
12/07/2019 14:27:41	25.173	15.127	10.55	7.512	4.972	1475.648	
12/07/2019 14:27:41	25.198	15.126	10.548	7.511	4.971	1475.644	
12/07/2019 14:27:42	25.272	15.126	10.546	7.509	4.971	1475.643	
12/07/2019 14:27:42	25.348	15.126	10.546	7.509	4.971	1475.644	
12/07/2019 14:27:42	25.403	15.128	10.544	7.507	4.969	1475.650	
12/07/2019 14:27:42	25.439	15.127	10.545	7.508	4.970	1475.648	
12/07/2019 14:27:43	25.495	15.125	10.545	7.508	4.971	1475.643	
12/07/2019 14:27:43	25.585	15.125	10.546	7.509	4.972	1475.645	
12/07/2019 14:27:43	25.662	15.122	10.547	7.510	4.974	1475.638	
12/07/2019 14:27:43	25.761	15.12	10.553	7.515	4.979	1475.638	
12/07/2019 14:27:44	25.844	15.118	10.557	7.519	4.982	1475.637	
12/07/2019 14:27:44	25.925	15.118	10.562	7.523	4.985	1475.643	
12/07/2019 14:27:44	26.01	15.116	10.563	7.524	4.987	1475.638	
12/07/2019 14:27:44	26.11	15.113	10.57	7.530	4.993	1475.637	
12/07/2019 14:27:45	26.189	15.113	10.573	7.532	4.995	1475.641	
12/07/2019 14:27:45	26.248	15.113	10.573	7.532	4.995	1475.642	
12/07/2019 14:27:45	26.271	15.113	10.573	7.532	4.995	1475.642	
12/07/2019 14:27:45	26.244	15.113	10.578	7.536	4.998	1475.646	
12/07/2019 14:27:46	26.192	15.114	10.575	7.533	4.996	1475.646	
12/07/2019 14:27:46	26.167	15.113	10.578	7.536	4.998	1475.645	
12/07/2019 14:27:46	26.142	15.113	10.578	7.536	4.997	1475.644	
12/07/2019 14:27:46	26.096	15.114	10.577	7.535	4.996	1475.646	
12/07/2019 14:27:47	26.083	15.113	10.575	7.534	4.995	1475.641	
12/07/2019 14:27:47	26.137	15.112	10.577	7.535	4.997	1475.640	
12/07/2019 14:27:47	26.222	15.113	10.576	7.534	4.997	1475.644	
12/07/2019 14:27:47	26.278	15.112	10.572	7.532	4.995	1475.638	
12/07/2019 14:27:48	26.301	15.113	10.568	7.528	4.992	1475.638	
12/07/2019 14:27:48	26.334	15.112	10.567	7.528	4.992	1475.634	
12/07/2019 14:27:48	26.411	15.105	10.562	7.525	4.992	1475.609	
12/07/2019 14:27:48	26.516	15.102	10.558	7.523	4.991	1475.597	
12/07/2019 14:27:49	26.617	15.095	10.557	7.523	4.993	1475.576	
12/07/2019 14:27:49	26.695	15.088	10.555	7.523	4.994	1475.553	
12/07/2019 14:27:49	26.774	15.076	10.554	7.524	4.998	1475.515	
12/07/2019 14:27:49	26.873	15.066	10.55	7.523	4.999	1475.481	
12/07/2019 14:27:50	26.988	15.057	10.546	7.522	5.000	1475.450	
12/07/2019 14:27:50	27.091	15.045	10.545	7.523	5.004	1475.413	
12/07/2019 14:27:50	27.219	15.029	10.536	7.520	5.004	1475.355	
12/07/2019 14:27:50	27.263	15.011	10.529	7.518	5.006	1475.292	
12/07/2019 14:27:51	27.243	14.992	10.531	7.523	5.013	1475.233	
12/07/2019 14:27:51	27.208	14.974	10.53	7.525	5.018	1475.173	
12/07/2019 14:27:51	27.208	14.964	10.531	7.528	5.021	1475.142	
12/07/2019 14:27:51	27.211	14.961	10.527	7.526	5.020	1475.129	
12/07/2019 14:27:52	27.331	14.959	10.519	7.520	5.016	1475.117	
12/07/2019 14:27:52	27.358	14.954	10.519	7.521	5.018	1475.102	
12/07/2019 14:27:52	27.322	14.947	10.519	7.522	5.020	1475.079	
12/07/2019 14:27:52	27.309	14.94	10.52	7.524	5.023	1475.057	
12/07/2019 14:27:53	27.353	14.934	10.518	7.524	5.024	1475.036	
12/07/2019 14:27:53	27.412	14.931	10.516	7.523	5.024	1475.026	
12/07/2019 14:27:53	27.491	14.928	10.515	7.523	5.024	1475.017	
12/07/2019 14:27:53	27.542	14.93	10.513	7.521	5.023	1475.022	
12/07/2019 14:27:54	27.575	14.929	10.509	7.518	5.021	1475.016	
12/07/2019 14:27:54	27.585	14.926	10.509	7.518	5.022	1475.006	
12/07/2019 14:27:54	27.616	14.925	10.508	7.518	5.022	1475.003	
12/07/2019 14:27:54	27.701	14.922	10.502	7.514	5.020	1474.989	
12/07/2019 14:27:55	27.843	14.919	10.499	7.512	5.019	1474.979	
12/07/2019 14:27:55	27.969	14.913	10.499	7.513	5.022	1474.962	
12/07/2019 14:27:55	28.048	14.901	10.498	7.515	5.025	1474.924	
12/07/2019 14:27:55	28.125	14.888	10.495	7.515	5.028	1474.880	
12/07/2019 14:27:56	28.179	14.875	10.493	7.516	5.031	1474.838	
12/07/2019 14:27:56	28.246	14.867	10.491	7.516	5.033	1474.811	
12/07/2019 14:27:56	28.297	14.86	10.492	7.518	5.036	1474.790	
12/07/2019 14:27:56	28.346	14.855	10.493	7.520	5.038	1474.776	
12/07/2019 14:27:57	28.363	14.851	10.491	7.519	5.038	1474.761	
12/07/2019 14:27:57	28.347	14.85	10.492	7.520	5.039	1474.759	
12/07/2019 14:27:57	28.326	14.847	10.493	7.521	5.041	1474.750	
12/07/2019 14:27:57	28.368	14.842	10.493	7.522	5.042	1474.734	
12/07/2019 14:27:58	28.409	14.842	10.492	7.521	5.042	1474.734	
12/07/2019 14:27:58	28.38	14.841	10.494	7.523	5.043	1474.732	
12/07/2019 14:27:58	28.288	14.836	10.497	7.526	5.046	1474.717	
12/07/2019 14:27:58	28.203	14.835	10.497	7.526	5.046	1474.713	
12/07/2019 14:27:59	28.146	14.836	10.498	7.527	5.046	1474.716	
12/07/2019 14:27:59	28.129	14.837	10.498	7.527	5.046	1474.719	
12/07/2019 14:27:59	28.187	14.84	10.498	7.526	5.045	1474.729	
12/07/2019 14:27:59	28.262	14.842	10.496	7.524	5.044	1474.735	
12/07/2019 14:28:00	28.335	14.843	10.494	7.523	5.042	1474.738	
12/07/2019 14:28:00	28.429	14.843	10.492	7.521	5.042	1474.738	
12/07/2019 14:28:00	28.548	14.843	10.491	7.520	5.042	1474.739	
12/07/2019 14:28:00	28.65	14.843	10.492	7.521	5.043	1474.741	
12/07/2019 14:28:01	28.765	14.839	10.493	7.523	5.045	1474.731	
12/07/2019 14:28:01	28.919	14.835	10.491	7.522	5.046	1474.719	
12/07/2019 14:28:01	29.065	14.83	10.491	7.523	5.048	1474.705	
12/07/2019 14:28:01	29.187	14.827	10.491	7.523	5.050	1474.697	
12/07/2019 14:28:02	29.283	14.823	10.491	7.524	5.051	1474.686	
12/07/2019 14:28:02	29.358	14.821	10.49	7.524	5.052	1474.680	
12/07/2019 14:28:02	29.378	14.816	10.49	7.525	5.053	1474.664	
12/07/2019 14:28:02	29.316	14.812	10.49	7.525	5.054	1474.650	
12/07/2019 14:28:03	29.24	14.809	10.492	7.527	5.056	1474.641	
12/07/2019 14:28:03	29.195	14.807	10.492	7.528	5.056	1474.634	
12/07/2019 14:28:03	29.16	14.809	10.491	7.527	5.055	1474.639	
12/07/2019 14:28:03	29.105	14.809	10.493	7.528	5.056	1474.640	
12/07/2019 14:28:04	29.054	14.811	10.492	7.527	5.055	1474.645	
12/07/2019 14:28:04	29.049	14.811	10.492	7.527	5.054	1474.645	
12/07/2019 14:28:04	29.099	14.812	10.492	7.527	5.054	1474.649	
12/07/2019 14:28:04	29.174	14.815	10.492	7.526	5.054	1474.659	
12/07/2019 14:28:05	29.253	14.815	10.49	7.525	5.053	1474.659	
12/07/2019 14:28:05	29.354	14.816	10.49	7.525	5.053	1474.664	
12/07/2019 14:28:05	29.501	14.814	10.491	7.526	5.055	1474.661	
12/07/2019 14:28:05	29.681	14.812	10.491	7.526	5.056	1474.657	
12/07/2019 14:28:06	29.858	14.808	10.493	7.528	5.060	1474.649	
12/07/2019 14:28:06	30.021	14.8	10.493	7.530	5.063	1474.626	
12/07/2019 14:28:06	30.157	14.789	10.493	7.532	5.067	1474.592	
12/07/2019 14:28:06	30.255	14.774	10.492	7.534	5.072	1474.545	
12/07/2019 14:28:07	30.34	14.751	10.481	7.530	5.073	1474.462	
12/07/2019 14:28:07	30.494	14.716	10.477	7.534	5.082	1474.348	
12/07/2019 14:28:07	30.498	14.682	10.476	7.539	5.092	1474.237	
12/07/2019 14:28:07	30.564	14.648	10.474	7.544	5.101	1474.126	
12/07/2019 14:28:08	30.573	14.616	10.477	7.553	5.113	1474.026	
12/07/2019 14:28:08	30.503	14.588	10.48	7.561	5.123	1473.937	
12/07/2019 14:28:08	30.441	14.575	10.485	7.567	5.130	1473.898	
12/07/2019 14:28:08	30.427	14.578	10.485	7.566	5.129	1473.907	
12/07/2019 14:28:09	30.47	14.584	10.485	7.565	5.128	1473.928	
12/07/2019 14:28:09	30.545	14.59	10.483	7.562	5.125	1473.946	
12/07/2019 14:28:09	30.616	14.587	10.482	7.562	5.125	1473.937	
12/07/2019 14:28:09	30.664	14.582	10.479	7.561	5.125	1473.919	
12/07/2019 14:28:10	30.74	14.559	10.474	7.561	5.130	1473.841	
12/07/2019 14:28:10	30.85	14.54	10.466	7.559	5.132	1473.774	
12/07/2019 14:28:10	30.943	14.505	10.467	7.566	5.143	1473.663	
12/07/2019 14:28:10	31.058	14.459	10.464	7.573	5.156	1473.512	
12/07/2019 14:28:11	31.161	14.411	10.465	7.583	5.172	1473.359	
12/07/2019 14:28:11	31.268	14.362	10.462	7.590	5.186	1473.198	
12/07/2019 14:28:11	31.345	14.325	10.462	7.597	5.198	1473.079	
12/07/2019 14:28:11	31.39	14.299	10.459	7.600	5.205	1472.992	
12/07/2019 14:28:12	31.404	14.274	10.46	7.606	5.213	1472.912	
12/07/2019 14:28:12	31.432	14.247	10.46	7.611	5.221	1472.824	
12/07/2019 14:28:12	31.457	14.223	10.459	7.615	5.228	1472.745	
12/07/2019 14:28:12	31.433	14.206	10.46	7.619	5.234	1472.690	
12/07/2019 14:28:13	31.382	14.194	10.461	7.622	5.238	1472.651	
12/07/2019 14:28:13	31.364	14.193	10.462	7.623	5.239	1472.648	
12/07/2019 14:28:13	31.375	14.193	10.465	7.626	5.241	1472.651	
12/07/2019 14:28:13	31.384	14.192	10.462	7.623	5.239	1472.645	
12/07/2019 14:28:14	31.418	14.193	10.462	7.623	5.239	1472.649	
12/07/2019 14:28:14	31.517	14.206	10.451	7.612	5.229	1472.683	
12/07/2019 14:28:14	31.617	14.204	10.449	7.611	5.229	1472.676	
12/07/2019 14:28:14	31.736	14.183	10.45	7.616	5.237	1472.610	
12/07/2019 14:28:15	31.854	14.148	10.449	7.622	5.247	1472.497	
12/07/2019 14:28:15	31.953	14.101	10.449	7.631	5.262	1472.344	
12/07/2019 14:28:15	32.062	14.057	10.447	7.638	5.275	1472.200	
12/07/2019 14:28:15	32.159	14.014	10.444	7.644	5.287	1472.057	
12/07/2019 14:28:16	32.237	13.968	10.443	7.652	5.301	1471.907	
12/07/2019 14:28:16	32.308	13.926	10.438	7.657	5.311	1471.765	
12/07/2019 14:28:16	32.363	13.887	10.428	7.657	5.317	1471.628	
12/07/2019 14:28:16	32.424	13.843	10.417	7.656	5.324	1471.474	
12/07/2019 14:28:17	32.464	13.815	10.408	7.655	5.328	1471.374	
12/07/2019 14:28:17	32.448	13.786	10.411	7.663	5.338	1471.280	
12/07/2019 14:28:17	32.409	13.751	10.413	7.672	5.350	1471.166	
12/07/2019 14:28:17	32.397	13.728	10.413	7.676	5.357	1471.090	
12/07/2019 14:28:18	32.41	13.717	10.416	7.681	5.362	1471.056	
12/07/2019 14:28:18	32.41	13.713	10.415	7.681	5.363	1471.042	
12/07/2019 14:28:18	32.38	13.715	10.418	7.683	5.364	1471.051	
12/07/2019 14:28:18	32.355	13.727	10.417	7.680	5.360	1471.089	
12/07/2019 14:28:19	32.349	13.746	10.414	7.673	5.352	1471.149	
12/07/2019 14:28:19	32.353	13.755	10.415	7.672	5.350	1471.180	
12/07/2019 14:28:19	32.346	13.758	10.413	7.670	5.348	1471.188	
12/07/2019 14:28:19	32.321	13.748	10.411	7.671	5.349	1471.153	
12/07/2019 14:28:20	32.33	13.739	10.407	7.669	5.350	1471.119	
12/07/2019 14:28:20	32.356	13.73	10.402	7.667	5.350	1471.085	
12/07/2019 14:28:20	32.428	13.717	10.389	7.659	5.346	1471.031	
12/07/2019 14:28:20	32.499	13.712	10.384	7.656	5.345	1471.011	
12/07/2019 14:28:21	32.552	13.697	10.385	7.660	5.350	1470.963	
12/07/2019 14:28:21	32.604	13.672	10.384	7.664	5.357	1470.880	
12/07/2019 14:28:21	32.682	13.645	10.38	7.666	5.364	1470.788	
12/07/2019 14:28:21	32.759	13.62	10.376	7.668	5.369	1470.703	
12/07/2019 14:28:22	32.848	13.586	10.375	7.674	5.379	1470.591	
12/07/2019 14:28:22	32.931	13.545	10.373	7.681	5.391	1470.454	
12/07/2019 14:28:22	33.005	13.513	10.373	7.687	5.401	1470.349	
12/07/2019 14:28:22	33.09	13.472	10.363	7.687	5.408	1470.204	
12/07/2019 14:28:23	33.182	13.421	10.353	7.689	5.418	1470.026	
12/07/2019 14:28:23	33.301	13.351	10.332	7.687	5.426	1469.775	
12/07/2019 14:28:23	33.418	13.281	10.309	7.682	5.434	1469.521	
12/07/2019 14:28:23	33.526	13.203	10.281	7.675	5.441	1469.235	
12/07/2019 14:28:24	33.605	13.116	10.273	7.686	5.462	1468.937	
12/07/2019 14:28:24	33.675	13.024	10.253	7.689	5.478	1468.609	
12/07/2019 14:28:24	33.688	12.942	10.244	7.698	5.497	1468.324	
12/07/2019 14:28:24	33.625	12.855	10.243	7.715	5.522	1468.029	
12/07/2019 14:28:25	33.578	12.802	10.247	7.729	5.540	1467.852	
12/07/2019 14:28:25	33.561	12.799	10.252	7.733	5.544	1467.847	
12/07/2019 14:28:25	33.552	12.824	10.257	7.732	5.540	1467.936	
12/07/2019 14:28:25	33.517	12.834	10.259	7.732	5.538	1467.971	
12/07/2019 14:28:26	33.479	12.846	10.258	7.729	5.534	1468.010	
12/07/2019 14:28:26	33.49	12.85	10.256	7.726	5.531	1468.022	
12/07/2019 14:28:26	33.538	12.857	10.256	7.725	5.529	1468.046	
12/07/2019 14:28:26	33.611	12.859	10.24	7.711	5.519	1468.039	
12/07/2019 14:28:27	33.683	12.848	10.214	7.693	5.506	1467.978	
12/07/2019 14:28:27	33.773	12.828	10.183	7.671	5.493	1467.882	
12/07/2019 14:28:27	33.908	12.781	10.166	7.667	5.497	1467.708	
12/07/2019 14:28:27	34.062	12.691	10.142	7.666	5.510	1467.382	
12/07/2019 14:28:28	34.204	12.557	10.089	7.649	5.517	1466.877	
12/07/2019 14:28:28	34.342	12.398	10.062	7.659	5.547	1466.310	
12/07/2019 14:28:28	34.468	12.244	10.049	7.680	5.585	1465.771	
12/07/2019 14:28:28	34.594	12.125	10.048	7.704	5.620	1465.363	
12/07/2019 14:28:29	34.696	12.041	10.042	7.716	5.641	1465.069	
12/07/2019 14:28:29	34.774	11.982	10.021	7.711	5.645	1464.846	
12/07/2019 14:28:29	34.799	11.945	10.004	7.704	5.645	1464.702	
12/07/2019 14:28:29	34.737	11.905	10.006	7.714	5.658	1464.564	
12/07/2019 14:28:30	34.661	11.869	10.02	7.733	5.677	1464.452	
12/07/2019 14:28:30	34.622	11.876	10.026	7.737	5.679	1464.482	
12/07/2019 14:28:30	34.61	11.896	10.03	7.736	5.675	1464.555	
12/07/2019 14:28:30	34.584	11.911	10.033	7.735	5.673	1464.609	
12/07/2019 14:28:31	34.554	11.918	10.028	7.730	5.667	1464.628	
12/07/2019 14:28:31	34.554	11.909	10.028	7.731	5.670	1464.597	
12/07/2019 14:28:31	34.605	11.912	10.027	7.730	5.669	1464.607	
12/07/2019 14:28:31	34.672	11.928	10.022	7.722	5.661	1464.659	
12/07/2019 14:28:32	34.744	11.935	10.01	7.711	5.652	1464.672	
12/07/2019 14:28:32	34.817	11.931	9.998	7.702	5.645	1464.648	
12/07/2019 14:28:32	34.897	11.928	9.98	7.688	5.635	1464.621	
12/07/2019 14:28:32	34.974	11.911	9.973	7.685	5.636	1464.556	
12/07/2019 14:28:33	35.091	11.89	9.965	7.683	5.637	1464.477	
12/07/2019 14:28:33	35.189	11.845	9.941	7.672	5.636	1464.299	
12/07/2019 14:28:33	35.302	11.767	9.913	7.665	5.641	1464.002	
12/07/2019 14:28:33	35.42	11.674	9.884	7.660	5.649	1463.651	
12/07/2019 14:28:34	35.536	11.574	9.868	7.667	5.668	1463.288	
12/07/2019 14:28:34	35.639	11.493	9.862	7.678	5.688	1463.000	
12/07/2019 14:28:34	35.722	11.417	9.841	7.677	5.697	1462.714	
12/07/2019 14:28:34	35.775	11.36	9.815	7.666	5.696	1462.489	
12/07/2019 14:28:35	35.829	11.299	9.803	7.669	5.706	1462.263	
12/07/2019 14:28:35	35.855	11.261	9.8	7.674	5.715	1462.127	
12/07/2019 14:28:35	35.808	11.23	9.81	7.689	5.730	1462.027	
12/07/2019 14:28:35	35.74	11.194	9.819	7.704	5.746	1461.908	
12/07/2019 14:28:36	35.703	11.181	9.829	7.715	5.756	1461.872	
12/07/2019 14:28:36	35.678	11.196	9.836	7.718	5.756	1461.932	
12/07/2019 14:28:36	35.662	11.218	9.842	7.719	5.754	1462.015	
12/07/2019 14:28:36	35.664	11.232	9.845	7.718	5.752	1462.068	
12/07/2019 14:28:37	35.679	11.229	9.847	7.721	5.754	1462.059	
12/07/2019 14:28:37	35.686	11.225	9.847	7.721	5.755	1462.045	
12/07/2019 14:28:37	35.713	11.222	9.845	7.720	5.755	1462.033	
12/07/2019 14:28:37	35.753	11.209	9.839	7.718	5.755	1461.982	
12/07/2019 14:28:38	35.82	11.204	9.802	7.688	5.732	1461.928	
12/07/2019 14:28:38	35.911	11.224	9.786	7.670	5.717	1461.983	
12/07/2019 14:28:38	36.003	11.226	9.787	7.670	5.717	1461.993	
12/07/2019 14:28:38	36.104	11.22	9.789	7.673	5.721	1461.975	
12/07/2019 14:28:39	36.209	11.201	9.782	7.671	5.722	1461.903	
12/07/2019 14:28:39	36.311	11.168	9.78	7.677	5.731	1461.786	
12/07/2019 14:28:39	36.413	11.112	9.77	7.680	5.740	1461.580	
12/07/2019 14:28:39	36.537	11.058	9.758	7.681	5.748	1461.379	
12/07/2019 14:28:40	36.67	11.003	9.747	7.683	5.757	1461.175	
12/07/2019 14:28:40	36.761	10.962	9.741	7.686	5.765	1461.025	
12/07/2019 14:28:40	36.836	10.927	9.726	7.681	5.766	1460.886	
12/07/2019 14:28:40	36.887	10.905	9.717	7.678	5.766	1460.800	
12/07/2019 14:28:41	36.934	10.885	9.712	7.678	5.769	1460.724	
12/07/2019 14:28:41	36.932	10.869	9.717	7.685	5.776	1460.673	
12/07/2019 14:28:41	36.885	10.855	9.725	7.695	5.785	1460.630	
12/07/2019 14:28:41	36.843	10.84	9.728	7.701	5.791	1460.580	
12/07/2019 14:28:42	36.819	10.832	9.733	7.707	5.797	1460.556	
12/07/2019 14:28:42	36.793	10.831	9.738	7.711	5.800	1460.557	
12/07/2019 14:28:42	36.742	10.832	9.741	7.713	5.802	1460.563	
12/07/2019 14:28:42	36.706	10.839	9.74	7.711	5.799	1460.586	
12/07/2019 14:28:43	36.702	10.846	9.742	7.711	5.798	1460.613	
12/07/2019 14:28:43	36.701	10.841	9.737	7.708	5.796	1460.590	
12/07/2019 14:28:43	36.721	10.835	9.729	7.703	5.793	1460.561	
12/07/2019 14:28:43	36.777	10.829	9.73	7.705	5.796	1460.541	
12/07/2019 14:28:44	36.843	10.833	9.728	7.702	5.793	1460.555	
12/07/2019 14:28:44	36.918	10.841	9.715	7.689	5.783	1460.571	
12/07/2019 14:28:44	36.975	10.846	9.713	7.687	5.780	1460.588	
12/07/2019 14:28:44	37.047	10.854	9.71	7.682	5.777	1460.614	
12/07/2019 14:28:45	37.149	10.85	9.704	7.678	5.774	1460.595	
12/07/2019 14:28:45	37.273	10.84	9.704	7.680	5.778	1460.562	
12/07/2019 14:28:45	37.417	10.828	9.693	7.673	5.774	1460.510	
12/07/2019 14:28:45	37.552	10.809	9.689	7.674	5.778	1460.440	
12/07/2019 14:28:46	37.673	10.772	9.68	7.674	5.783	1460.301	
12/07/2019 14:28:46	37.771	10.729	9.671	7.675	5.789	1460.140	
12/07/2019 14:28:46	37.856	10.685	9.667	7.681	5.799	1459.980	
12/07/2019 14:28:46	37.925	10.644	9.66	7.683	5.806	1459.828	
12/07/2019 14:28:47	37.974	10.603	9.654	7.687	5.814	1459.676	
12/07/2019 14:28:47	37.954	10.576	9.652	7.691	5.820	1459.577	
12/07/2019 14:28:47	37.942	10.551	9.652	7.696	5.827	1459.487	
12/07/2019 14:28:47	37.956	10.529	9.655	7.703	5.835	1459.412	
12/07/2019 14:28:48	37.931	10.52	9.663	7.712	5.843	1459.387	
12/07/2019 14:28:48	37.875	10.525	9.668	7.715	5.845	1459.409	
12/07/2019 14:28:48	37.832	10.536	9.669	7.714	5.842	1459.449	
12/07/2019 14:28:48	37.828	10.547	9.671	7.713	5.840	1459.491	
12/07/2019 14:28:49	37.854	10.557	9.665	7.706	5.834	1459.521	
12/07/2019 14:28:49	37.899	10.566	9.646	7.688	5.819	1459.534	
12/07/2019 14:28:49	37.967	10.575	9.64	7.681	5.813	1459.561	
12/07/2019 14:28:49	38.048	10.579	9.627	7.669	5.803	1459.563	
12/07/2019 14:28:50	38.139	10.576	9.62	7.663	5.800	1459.546	
12/07/2019 14:28:50	38.216	10.553	9.605	7.655	5.796	1459.450	
12/07/2019 14:28:50	38.293	10.516	9.602	7.660	5.805	1459.315	
12/07/2019 14:28:50	38.365	10.469	9.594	7.663	5.813	1459.139	
12/07/2019 14:28:51	38.453	10.432	9.593	7.670	5.823	1459.007	
12/07/2019 14:28:51	38.525	10.407	9.595	7.677	5.832	1458.920	
12/07/2019 14:28:51	38.563	10.389	9.597	7.683	5.838	1458.858	
12/07/2019 14:28:51	38.453	10.368	9.606	7.695	5.850	1458.790	
12/07/2019 14:28:52	38.271	10.343	9.612	7.705	5.860	1458.704	
12/07/2019 14:28:52	38.26	10.345	9.611	7.704	5.858	1458.710	
12/07/2019 14:28:52	38.44	10.357	9.596	7.689	5.846	1458.740	
12/07/2019 14:28:52	38.693	10.354	9.589	7.683	5.843	1458.726	
12/07/2019 14:28:53	38.886	10.333	9.581	7.681	5.845	1458.645	
12/07/2019 14:28:53	39.049	10.289	9.517	7.635	5.814	1458.422	
12/07/2019 14:28:53	39.272	10.18	9.483	7.628	5.823	1457.996	
12/07/2019 14:28:53	39.391	10.025	9.395	7.584	5.806	1457.343	
12/07/2019 14:28:54	39.345	9.848	9.417	7.640	5.869	1456.721	
12/07/2019 14:28:54	39.218	9.733	9.448	7.692	5.920	1456.332	
12/07/2019 14:28:54	39.124	9.729	9.469	7.711	5.935	1456.339	
12/07/2019 14:28:54	39.11	9.788	9.475	7.704	5.923	1456.560	
12/07/2019 14:28:55	39.129	9.872	9.474	7.685	5.900	1456.866	
12/07/2019 14:28:55	39.138	9.934	9.463	7.662	5.876	1457.080	
12/07/2019 14:28:55	39.17	9.969	9.448	7.642	5.856	1457.192	
12/07/2019 14:28:55	39.244	9.964	9.435	7.632	5.849	1457.161	
12/07/2019 14:28:56	39.394	9.953	9.403	7.606	5.831	1457.089	
12/07/2019 14:28:56	39.577	9.879	9.381	7.602	5.837	1456.799	
12/07/2019 14:28:56	39.749	9.765	9.361	7.609	5.855	1456.365	
12/07/2019 14:28:56	39.894	9.606	9.336	7.620	5.881	1455.758	
12/07/2019 14:28:57	40.042	9.432	9.327	7.649	5.922	1455.111	
12/07/2019 14:28:57	40.153	9.279	9.308	7.665	5.951	1454.527	
12/07/2019 14:28:57	40.243	9.134	9.285	7.676	5.974	1453.966	
12/07/2019 14:28:57	40.337	9.021	9.258	7.676	5.985	1453.519	
12/07/2019 14:28:58	40.4	8.905	9.208	7.656	5.981	1453.032	
12/07/2019 14:28:58	40.407	8.78	9.179	7.657	5.994	1452.533	
12/07/2019 14:28:58	40.382	8.634	9.177	7.687	6.030	1451.983	
12/07/2019 14:28:58	40.373	8.498	9.147	7.689	6.044	1451.438	
12/07/2019 14:28:59	40.41	8.471	9.099	7.652	6.018	1451.284	
12/07/2019 14:28:59	40.564	8.45	9.01	7.575	5.961	1451.107	
12/07/2019 14:28:59	40.706	8.363	9.003	7.588	5.979	1450.773	
12/07/2019 14:28:59	40.86	8.162	8.974	7.605	6.010	1449.980	
12/07/2019 14:29:00	41.048	7.952	8.941	7.620	6.041	1449.145	
12/07/2019 14:29:00	41.144	7.765	8.906	7.629	6.063	1448.391	
12/07/2019 14:29:00	41.178	7.601	8.878	7.639	6.084	1447.728	
12/07/2019 14:29:00	41.165	7.433	8.879	7.676	6.126	1447.081	
12/07/2019 14:29:01	41.147	7.306	8.874	7.700	6.154	1446.583	
12/07/2019 14:29:01	41.153	7.277	8.875	7.707	6.162	1446.472	
12/07/2019 14:29:01	41.204	7.297	8.872	7.700	6.155	1446.547	
12/07/2019 14:29:01	41.233	7.313	8.866	7.691	6.147	1446.602	
12/07/2019 14:29:02	41.246	7.302	8.867	7.694	6.151	1446.561	
12/07/2019 14:29:02	41.218	7.277	8.871	7.704	6.160	1446.468	
12/07/2019 14:29:02	41.208	7.231	8.86	7.704	6.163	1446.277	
12/07/2019 14:29:02	41.259	7.159	8.851	7.711	6.174	1445.987	
12/07/2019 14:29:03	41.358	7.125	8.821	7.691	6.161	1445.821	
12/07/2019 14:29:03	41.433	7.11	8.817	7.690	6.162	1445.759	
12/07/2019 14:29:03	41.497	7.101	8.811	7.686	6.160	1445.718	
12/07/2019 14:29:03	41.548	7.094	8.804	7.681	6.157	1445.683	
12/07/2019 14:29:04	41.653	7.07	8.797	7.680	6.158	1445.583	
12/07/2019 14:29:04	41.773	7.052	8.807	7.694	6.171	1445.527	
12/07/2019 14:29:04	41.866	7.056	8.813	7.698	6.174	1445.551	
12/07/2019 14:29:04	41.926	7.038	8.811	7.700	6.178	1445.479	
12/07/2019 14:29:05	41.954	7.015	8.814	7.708	6.186	1445.393	
12/07/2019 14:29:05	41.967	6.976	8.808	7.711	6.191	1445.234	
12/07/2019 14:29:05	41.995	6.938	8.797	7.710	6.192	1445.073	
12/07/2019 14:29:05	42.028	6.909	8.797	7.716	6.199	1444.960	
12/07/2019 14:29:06	42.049	6.901	8.8	7.721	6.204	1444.933	
12/07/2019 14:29:06	42.049	6.905	8.799	7.719	6.202	1444.947	
12/07/2019 14:29:06	42.051	6.909	8.801	7.720	6.202	1444.965	
12/07/2019 14:29:06	42.102	6.899	8.797	7.718	6.202	1444.922	
12/07/2019 14:29:07	42.161	6.9	8.791	7.712	6.198	1444.920	
12/07/2019 14:29:07	42.27	6.93	8.782	7.697	6.184	1445.028	
12/07/2019 14:29:07	42.398	6.931	8.781	7.696	6.184	1445.033	
12/07/2019 14:29:07	42.474	6.932	8.789	7.703	6.190	1445.048	
12/07/2019 14:29:08	42.518	6.926	8.788	7.704	6.191	1445.024	
12/07/2019 14:29:08	42.523	6.906	8.784	7.704	6.193	1444.941	
12/07/2019 14:29:08	42.568	6.886	8.78	7.705	6.195	1444.858	
12/07/2019 14:29:08	42.647	6.873	8.774	7.702	6.194	1444.802	
12/07/2019 14:29:09	42.735	6.876	8.768	7.696	6.189	1444.808	
12/07/2019 14:29:09	42.843	6.884	8.771	7.697	6.190	1444.844	
12/07/2019 14:29:09	42.947	6.897	8.778	7.701	6.193	1444.905	
12/07/2019 14:29:09	43.049	6.899	8.78	7.702	6.194	1444.917	
12/07/2019 14:29:10	43.093	6.888	8.783	7.707	6.199	1444.878	
12/07/2019 14:29:10	43.126	6.883	8.786	7.711	6.203	1444.863	
12/07/2019 14:29:10	43.167	6.877	8.783	7.710	6.202	1444.836	
12/07/2019 14:29:10	43.219	6.859	8.778	7.709	6.203	1444.761	
12/07/2019 14:29:11	43.27	6.847	8.772	7.706	6.202	1444.707	
12/07/2019 14:29:11	43.296	6.848	8.771	7.705	6.201	1444.710	
12/07/2019 14:29:11	43.325	6.847	8.769	7.703	6.200	1444.704	
12/07/2019 14:29:11	43.353	6.852	8.773	7.706	6.202	1444.729	
12/07/2019 14:29:12	43.408	6.848	8.767	7.701	6.198	1444.707	
12/07/2019 14:29:12	43.475	6.856	8.762	7.695	6.193	1444.734	
12/07/2019 14:29:12	43.532	6.872	8.761	7.690	6.189	1444.796	
12/07/2019 14:29:12	43.571	6.89	8.761	7.686	6.185	1444.867	
12/07/2019 14:29:13	43.579	6.896	8.766	7.690	6.187	1444.897	
12/07/2019 14:29:13	43.556	6.88	8.77	7.697	6.194	1444.839	
12/07/2019 14:29:13	43.548	6.862	8.769	7.700	6.197	1444.767	
12/07/2019 14:29:13	43.565	6.86	8.773	7.704	6.201	1444.764	
12/07/2019 14:29:14	43.598	6.847	8.77	7.704	6.202	1444.710	
12/07/2019 14:29:14	43.614	6.851	8.77	7.703	6.201	1444.726	
12/07/2019 14:29:14	43.671	6.859	8.768	7.700	6.198	1444.756	
12/07/2019 14:29:14	43.765	6.854	8.759	7.692	6.193	1444.727	
12/07/2019 14:29:15	43.859	6.855	8.758	7.691	6.192	1444.731	
12/07/2019 14:29:15	43.979	6.858	8.764	7.696	6.196	1444.752	
12/07/2019 14:29:15	44.118	6.855	8.767	7.700	6.200	1444.746	
12/07/2019 14:29:15	44.225	6.85	8.769	7.703	6.203	1444.730	
12/07/2019 14:29:16	44.228	6.843	8.775	7.710	6.209	1444.710	
12/07/2019 14:29:16	44.227	6.834	8.778	7.715	6.214	1444.678	
12/07/2019 14:29:16	44.226	6.828	8.782	7.720	6.218	1444.660	
12/07/2019 14:29:16	44.227	6.823	8.785	7.724	6.222	1444.644	
12/07/2019 14:29:17	44.23	6.822	8.79	7.729	6.226	1444.646	
12/07/2019 14:29:17	44.231	6.825	8.793	7.731	6.227	1444.661	
12/07/2019 14:29:17	44.231	6.835	8.796	7.731	6.227	1444.704	
12/07/2019 14:29:17	44.231	6.84	8.795	7.729	6.225	1444.722	
12/07/2019 14:29:18	44.235	6.844	8.792	7.726	6.222	1444.734	
12/07/2019 14:29:18	44.236	6.846	8.791	7.724	6.221	1444.741	
12/07/2019 14:29:18	44.236	6.847	8.78	7.714	6.212	1444.732	
12/07/2019 14:29:18	44.235	6.853	8.774	7.707	6.206	1444.748	
12/07/2019 14:29:19	44.24	6.857	8.768	7.700	6.201	1444.757	
12/07/2019 14:29:19	44.24	6.863	8.768	7.699	6.199	1444.780	
12/07/2019 14:29:19	44.239	6.868	8.77	7.700	6.200	1444.802	
12/07/2019 14:29:19	44.239	6.873	8.771	7.699	6.199	1444.823	
12/07/2019 14:29:20	44.241	6.878	8.772	7.699	6.199	1444.844	
12/07/2019 14:29:20	44.241	6.884	8.777	7.703	6.201	1444.873	
12/07/2019 14:29:20	44.24	6.89	8.778	7.702	6.200	1444.898	
12/07/2019 14:29:20	44.238	6.896	8.78	7.703	6.200	1444.924	
12/07/2019 14:29:21	44.241	6.9	8.784	7.706	6.202	1444.944	
12/07/2019 14:29:21	44.239	6.902	8.786	7.707	6.203	1444.954	
12/07/2019 14:29:21	44.239	6.903	8.785	7.706	6.202	1444.957	
12/07/2019 14:29:21	44.237	6.903	8.787	7.708	6.204	1444.960	
12/07/2019 14:29:22	44.239	6.903	8.787	7.708	6.204	1444.960	
12/07/2019 14:29:22	44.238	6.903	8.787	7.708	6.204	1444.960	
12/07/2019 14:29:22	44.237	6.904	8.79	7.710	6.206	1444.967	
12/07/2019 14:29:22	44.228	6.905	8.788	7.708	6.204	1444.968	
12/07/2019 14:29:23	44.115	6.903	8.788	7.709	6.204	1444.959	
12/07/2019 14:29:23	43.897	6.889	8.787	7.711	6.206	1444.899	
12/07/2019 14:29:23	43.642	6.871	8.785	7.713	6.207	1444.822	
12/07/2019 14:29:23	43.367	6.854	8.785	7.717	6.210	1444.752	
12/07/2019 14:29:24	43.125	6.835	8.783	7.719	6.212	1444.671	
12/07/2019 14:29:24	42.849	6.818	8.776	7.717	6.210	1444.592	
12/07/2019 14:29:24	42.608	6.806	8.776	7.719	6.212	1444.541	
12/07/2019 14:29:24	42.376	6.801	8.776	7.720	6.212	1444.517	
12/07/2019 14:29:25	42.117	6.797	8.777	7.722	6.212	1444.499	
12/07/2019 14:29:25	41.777	6.791	8.776	7.723	6.211	1444.469	
12/07/2019 14:29:25	41.437	6.791	8.774	7.721	6.208	1444.461	
12/07/2019 14:29:25	41.114	6.789	8.772	7.720	6.206	1444.446	
12/07/2019 14:29:26	40.824	6.795	8.785	7.731	6.213	1444.480	
12/07/2019 14:29:26	40.494	6.833	8.809	7.745	6.220	1444.652	
12/07/2019 14:29:26	40.2	6.906	8.853	7.770	6.233	1444.986	
12/07/2019 14:29:26	39.916	7.074	8.944	7.818	6.258	1445.744	
12/07/2019 14:29:27	39.637	7.285	9.049	7.868	6.281	1446.682	
12/07/2019 14:29:27	39.317	7.542	9.125	7.881	6.270	1447.757	
12/07/2019 14:29:27	39.044	7.857	9.204	7.883	6.245	1449.051	
12/07/2019 14:29:27	38.778	8.201	9.278	7.874	6.207	1450.438	
12/07/2019 14:29:28	38.473	8.604	9.346	7.846	6.148	1452.029	
12/07/2019 14:29:28	38.164	9.012	9.404	7.809	6.079	1453.611	
12/07/2019 14:29:28	37.863	9.326	9.458	7.788	6.031	1454.827	
12/07/2019 14:29:28	37.562	9.583	9.521	7.788	6.003	1455.835	
12/07/2019 14:29:29	37.18	9.81	9.556	7.770	5.964	1456.696	
12/07/2019 14:29:29	36.857	9.995	9.594	7.764	5.937	1457.404	
12/07/2019 14:29:29	36.509	10.156	9.618	7.750	5.907	1458.007	
12/07/2019 14:29:29	36.101	10.306	9.635	7.733	5.875	1458.560	
12/07/2019 14:29:30	35.754	10.424	9.667	7.736	5.862	1459.012	
12/07/2019 14:29:30	35.41	10.551	9.685	7.725	5.837	1459.481	
12/07/2019 14:29:30	35.06	10.647	9.713	7.729	5.828	1459.848	
12/07/2019 14:29:30	34.699	10.738	9.739	7.732	5.818	1460.194	
12/07/2019 14:29:31	34.359	10.869	9.796	7.753	5.817	1460.713	
12/07/2019 14:29:31	34.041	11.031	9.846	7.761	5.802	1461.333	
12/07/2019 14:29:31	33.653	11.208	9.886	7.758	5.776	1461.993	
12/07/2019 14:29:31	33.356	11.398	9.972	7.791	5.776	1462.742	
12/07/2019 14:29:32	33.062	11.588	10.064	7.828	5.780	1463.494	
12/07/2019 14:29:32	32.684	11.765	10.134	7.850	5.772	1464.174	
12/07/2019 14:29:32	32.391	12.102	10.186	7.823	5.705	1465.385	
12/07/2019 14:29:32	32.068	12.43	10.237	7.797	5.638	1466.554	
12/07/2019 14:29:33	31.692	12.706	10.286	7.780	5.585	1467.535	
12/07/2019 14:29:33	31.333	12.967	10.318	7.753	5.525	1468.442	
12/07/2019 14:29:33	30.997	13.189	10.345	7.730	5.473	1469.208	
12/07/2019 14:29:33	30.578	13.413	10.362	7.699	5.414	1469.966	
12/07/2019 14:29:34	30.185	13.598	10.378	7.674	5.365	1470.590	
12/07/2019 14:29:34	29.826	13.754	10.404	7.664	5.332	1471.126	
12/07/2019 14:29:34	29.412	13.913	10.414	7.641	5.287	1471.653	
12/07/2019 14:29:34	29.075	14.096	10.425	7.613	5.236	1472.259	
12/07/2019 14:29:35	28.713	14.267	10.426	7.581	5.182	1472.814	
12/07/2019 14:29:35	28.368	14.4	10.427	7.556	5.140	1473.243	
12/07/2019 14:29:35	28.024	14.502	10.431	7.539	5.110	1473.573	
12/07/2019 14:29:35	27.641	14.566	10.437	7.532	5.092	1473.780	
12/07/2019 14:29:36	27.255	14.61	10.436	7.522	5.076	1473.915	
12/07/2019 14:29:36	26.924	14.641	10.451	7.528	5.073	1474.024	
12/07/2019 14:29:36	26.547	14.667	10.464	7.533	5.071	1474.114	
12/07/2019 14:29:36	26.166	14.711	10.477	7.535	5.064	1474.262	
12/07/2019 14:29:37	25.755	14.751	10.497	7.543	5.061	1474.402	
12/07/2019 14:29:37	25.381	14.806	10.514	7.545	5.052	1474.589	
12/07/2019 14:29:37	24.989	14.869	10.516	7.535	5.032	1474.787	
12/07/2019 14:29:37	24.582	14.911	10.513	7.525	5.015	1474.913	
12/07/2019 14:29:38	24.205	14.943	10.513	7.519	5.004	1475.010	
12/07/2019 14:29:38	23.869	14.969	10.511	7.512	4.993	1475.086	
12/07/2019 14:29:38	23.487	14.986	10.509	7.507	4.985	1475.133	
12/07/2019 14:29:38	23.152	15.002	10.512	7.507	4.980	1475.181	
12/07/2019 14:29:39	22.808	15.015	10.512	7.504	4.974	1475.217	
12/07/2019 14:29:39	22.445	15.028	10.505	7.496	4.964	1475.247	
12/07/2019 14:29:39	22.112	15.036	10.505	7.495	4.960	1475.267	
12/07/2019 14:29:39	21.775	15.042	10.506	7.495	4.957	1475.282	
12/07/2019 14:29:40	21.457	15.045	10.504	7.492	4.954	1475.285	
12/07/2019 14:29:40	21.14	15.048	10.501	7.490	4.950	1475.286	
12/07/2019 14:29:40	20.756	15.054	10.502	7.489	4.947	1475.300	
12/07/2019 14:29:40	20.464	15.059	10.501	7.488	4.943	1475.311	
12/07/2019 14:29:41	20.192	15.072	10.506	7.489	4.941	1475.352	
12/07/2019 14:29:41	19.927	15.081	10.507	7.488	4.937	1475.378	
12/07/2019 14:29:41	19.594	15.087	10.507	7.487	4.934	1475.392	
12/07/2019 14:29:41	19.369	15.098	10.504	7.483	4.928	1475.421	
12/07/2019 14:29:42	19.104	15.103	10.501	7.479	4.923	1475.430	
12/07/2019 14:29:42	18.881	15.107	10.501	7.479	4.921	1475.439	
12/07/2019 14:29:42	18.631	15.111	10.504	7.480	4.920	1475.450	
12/07/2019 14:29:42	18.341	15.121	10.503	7.478	4.915	1475.477	
12/07/2019 14:29:43	18.113	15.133	10.502	7.475	4.910	1475.510	
12/07/2019 14:29:43	17.882	15.14	10.505	7.476	4.909	1475.532	
12/07/2019 14:29:43	17.696	15.142	10.512	7.481	4.911	1475.541	
12/07/2019 14:29:43	17.418	15.143	10.508	7.477	4.907	1475.536	
12/07/2019 14:29:44	17.159	15.147	10.51	7.478	4.906	1475.547	
12/07/2019 14:29:44	16.914	15.154	10.51	7.477	4.903	1475.565	
12/07/2019 14:29:44	16.711	15.158	10.507	7.474	4.899	1475.572	
12/07/2019 14:29:44	16.44	15.159	10.509	7.475	4.898	1475.573	
12/07/2019 14:29:45	16.109	15.16	10.511	7.477	4.898	1475.572	
12/07/2019 14:29:45	15.865	15.167	10.51	7.475	4.894	1475.590	
12/07/2019 14:29:45	15.556	15.168	10.511	7.475	4.893	1475.589	
12/07/2019 14:29:45	15.294	15.171	10.512	7.475	4.891	1475.595	
12/07/2019 14:29:46	14.927	15.172	10.51	7.474	4.888	1475.591	
12/07/2019 14:29:46	14.517	15.176	10.51	7.473	4.885	1475.597	
12/07/2019 14:29:46	14.282	15.186	10.51	7.471	4.881	1475.625	
12/07/2019 14:29:46	13.971	15.195	10.513	7.472	4.878	1475.651	
12/07/2019 14:29:47	13.694	15.199	10.515	7.473	4.877	1475.661	
12/07/2019 14:29:47	13.387	15.203	10.514	7.471	4.874	1475.668	
12/07/2019 14:29:47	12.98	15.204	10.514	7.471	4.871	1475.665	
12/07/2019 14:29:47	12.724	15.209	10.521	7.475	4.873	1475.683	
12/07/2019 14:29:48	12.531	15.213	10.52	7.474	4.870	1475.692	
12/07/2019 14:29:48	12.218	15.212	10.519	7.473	4.868	1475.682	
12/07/2019 14:29:48	12.017	15.219	10.519	7.472	4.865	1475.702	
12/07/2019 14:29:48	11.682	15.224	10.521	7.473	4.863	1475.714	
12/07/2019 14:29:49	11.277	15.232	10.524	7.473	4.861	1475.735	
12/07/2019 14:29:49	11.032	15.246	10.525	7.472	4.856	1475.777	
12/07/2019 14:29:49	10.692	15.258	10.533	7.475	4.855	1475.817	
12/07/2019 14:29:49	10.374	15.266	10.534	7.475	4.852	1475.838	
12/07/2019 14:29:50	10.077	15.272	10.536	7.475	4.850	1475.854	
12/07/2019 14:29:50	9.624	15.279	10.538	7.475	4.847	1475.871	
12/07/2019 14:29:50	9.265	15.292	10.538	7.473	4.841	1475.907	
12/07/2019 14:29:50	9.027	15.307	10.543	7.474	4.838	1475.955	
12/07/2019 14:29:51	8.676	15.315	10.545	7.474	4.835	1475.976	
12/07/2019 14:29:51	8.368	15.319	10.548	7.476	4.834	1475.987	
12/07/2019 14:29:51	8.103	15.325	10.548	7.475	4.831	1476.002	
12/07/2019 14:29:51	7.698	15.329	10.55	7.475	4.829	1476.010	
12/07/2019 14:29:52	7.406	15.342	10.557	7.478	4.828	1476.052	
12/07/2019 14:29:52	7.292	15.363	10.555	7.473	4.820	1476.116	
12/07/2019 14:29:52	6.986	15.376	10.558	7.473	4.816	1476.155	
12/07/2019 14:29:52	6.718	15.382	10.562	7.475	4.815	1476.173	
12/07/2019 14:29:53	6.527	15.391	10.565	7.475	4.813	1476.201	
12/07/2019 14:29:53	6.206	15.397	10.568	7.476	4.812	1476.218	
12/07/2019 14:29:53	6.018	15.406	10.567	7.474	4.807	1476.242	
12/07/2019 14:29:53	5.781	15.412	10.565	7.471	4.803	1476.256	
12/07/2019 14:29:54	5.588	15.417	10.573	7.476	4.805	1476.275	
12/07/2019 14:29:54	5.362	15.421	10.572	7.475	4.803	1476.284	
12/07/2019 14:29:54	5.112	15.424	10.574	7.476	4.802	1476.291	
12/07/2019 14:29:54	4.917	15.426	10.574	7.476	4.800	1476.294	
12/07/2019 14:29:55	4.705	15.43	10.573	7.474	4.797	1476.302	
12/07/2019 14:29:55	4.5	15.434	10.574	7.474	4.796	1476.313	
12/07/2019 14:29:55	4.401	15.437	10.576	7.475	4.795	1476.322	
12/07/2019 14:29:55	4.237	15.44	10.575	7.474	4.793	1476.328	
12/07/2019 14:29:56	3.963	15.441	10.575	7.474	4.792	1476.327	
12/07/2019 14:29:56	3.758	15.444	10.575	7.473	4.790	1476.333	
12/07/2019 14:29:56	3.641	15.455	10.575	7.471	4.786	1476.366	
12/07/2019 14:29:56	3.445	15.461	10.589	7.481	4.791	1476.394	
12/07/2019 14:29:57	3.29	15.503	10.659	7.526	4.818	1476.587	
12/07/2019 14:29:57	3.086	15.595	10.677	7.522	4.798	1476.890	
12/07/2019 14:29:57	2.908	15.726	10.756	7.557	4.801	1477.370	
12/07/2019 14:29:57	2.847	15.905	10.787	7.547	4.762	1477.958	
12/07/2019 14:29:58	2.739	16.069	10.792	7.520	4.711	1478.473	
12/07/2019 14:29:58	2.594	16.188	10.786	7.493	4.669	1478.836	
12/07/2019 14:29:58	2.44	16.26	10.785	7.479	4.644	1479.056	
12/07/2019 14:29:58	2.226	16.306	10.783	7.469	4.627	1479.194	
12/07/2019 14:29:59	2.04	16.338	10.787	7.466	4.619	1479.293	
12/07/2019 14:29:59	1.981	16.366	10.791	7.464	4.611	1479.382	
12/07/2019 14:29:59	1.87	16.382	10.796	7.465	4.609	1479.435	
12/07/2019 14:29:59	1.729	16.396	10.801	7.466	4.606	1479.480	
12/07/2019 14:30:00	1.597	16.405	10.807	7.469	4.606	1479.511	
12/07/2019 14:30:00	1.418	16.416	10.806	7.466	4.601	1479.541	
12/07/2019 14:30:00	1.244	16.427	10.806	7.464	4.597	1479.572	
12/07/2019 14:30:00	1.14	16.441	10.814	7.467	4.596	1479.621	
12/07/2019 14:30:01	1.062	16.453	10.813	7.464	4.592	1479.656	
12/07/2019 14:30:01	0.93	16.454	10.811	7.463	4.590	1479.655	
12/07/2019 14:30:01	0.73	16.453	10.81	7.462	4.588	1479.648	
12/07/2019 14:30:01	0.514	16.457	10.811	7.462	4.587	1479.657	
12/07/2019 14:30:02	0.234	16.46	10.816	7.465	4.587	1479.666	
12/07/2019 14:30:02	0.054	16.474	10.824	7.469	4.587	1479.713	
12/07/2019 14:30:02	0.014	16.501	10.825	7.464	4.578	1479.797	
12/07/2019 14:30:02	0.04	16.504	10.848	7.481	4.590	1479.826	
12/07/2019 14:30:03	0.109	16.51	10.855	7.485	4.593	1479.852	
12/07/2019 14:30:03	0.184	16.51	10.854	7.484	4.592	1479.852	
12/07/2019 14:30:03	0.252	16.516	10.851	7.481	4.589	1479.869	
12/07/2019 14:30:03	0.326	16.531	10.849	7.477	4.583	1479.915	
12/07/2019 14:30:04	0.349	16.541	10.847	7.473	4.579	1479.945	
12/07/2019 14:30:04	0.319	16.543	10.841	7.468	4.575	1479.945	
12/07/2019 14:30:04	0.237	16.545	10.841	7.468	4.574	1479.950	
12/07/2019 14:30:04	0.165	16.549	10.847	7.472	4.576	1479.966	
12/07/2019 14:30:05	0.141	16.553	10.846	7.470	4.574	1479.977	
12/07/2019 14:30:05	0.143	16.557	10.85	7.473	4.575	1479.993	
12/07/2019 14:30:05	0.145	16.566	10.852	7.472	4.573	1480.023	
12/07/2019 14:30:05	0.113	16.573	10.852	7.471	4.571	1480.044	
12/07/2019 14:30:06	0.075	16.586	10.85	7.467	4.565	1480.081	
12/07/2019 14:30:06	0.06	16.593	10.86	7.473	4.568	1480.111	
12/07/2019 14:30:06	0.031	16.597	10.858	7.471	4.566	1480.121	
12/07/2019 14:30:06	0.038	16.603	10.864	7.475	4.567	1480.145	
12/07/2019 14:30:07	0.052	16.595	10.867	7.478	4.572	1480.123	
12/07/2019 14:30:07	0.034	16.588	10.864	7.477	4.572	1480.099	
12/07/2019 14:30:07	0.006	16.576	10.855	7.473	4.571	1480.054	
12/07/2019 14:30:07	0.008	16.547	10.822	7.454	4.562	1479.936	
12/07/2019 14:30:08	0.007	16.503	10.842	7.477	4.587	1479.818	
12/07/2019 14:30:08	0.008	16.463	10.845	7.486	4.602	1479.697	
12/07/2019 14:30:08	0.009	16.43	1.085	0.652	-0.624	1471.637	
12/07/2019 14:30:08	0.009	16.4	0.096	0.057	-1.078	1470.827	
12/07/2019 14:30:09	0.006	16.369	0.355	0.206	-0.957	1470.901	
12/07/2019 14:30:09	0.005	16.339	0.037	0.025	-1.092	1470.582	
12/07/2019 14:30:09	0.006	16.306	0.028	0.020	-1.090	1470.465	
12/07/2019 14:30:09	0.007	16.273	0.018	0.016	-1.088	1470.347	
12/07/2019 14:30:10	0.004	16.239	0.015	0.014	-1.084	1470.230	
12/07/2019 14:30:10	0.003	16.209	0.01	0.012	-1.081	1470.126	
12/07/2019 14:30:10	0.004	16.188	0.01	0.012	-1.077	1470.055	
12/07/2019 14:30:10	0.004	16.167	0.012	0.013	-1.073	1469.984	
12/07/2019 14:30:11	0	16.144	0.014	0.014	-1.069	1469.907	
12/07/2019 14:30:11	0.001	16.117	0.012	0.013	-1.065	1469.814	
12/07/2019 14:30:11	0	16.084	0.009	0.011	-1.061	1469.700	
12/07/2019 14:30:11	0.001	16.049	0.008	0.011	-1.055	1469.581	
12/07/2019 14:30:12	-0.002	16.015	0.009	0.011	-1.049	1469.465	
12/07/2019 14:30:12	-0.001	15.978	0.01	0.012	-1.043	1469.339	
12/07/2019 14:30:12	-0.001	15.941	0.009	0.011	-1.037	1469.212	
12/07/2019 14:30:12	0	15.907	0.012	0.013	-1.031	1469.098	
12/07/2019 14:30:13	-0.001	15.873	0.011	0.012	-1.026	1468.981	
12/07/2019 14:30:13	0	15.841	0.011	0.012	-1.021	1468.871	
12/07/2019 14:30:13	0.001	15.808	0.01	0.012	-1.016	1468.758	
12/07/2019 14:30:13	0.003	15.774	0.01	0.012	-1.010	1468.641	
12/07/2019 14:30:14	-0.011	15.743	0.011	0.012	-1.005	1468.535	
12/07/2019 14:30:14	-0.012	15.712	0.013	0.013	-0.999	1468.430	
12/07/2019 14:30:14	-0.006	15.684	0.013	0.013	-0.995	1468.333	
12/07/2019 14:30:14	-0.008	15.658	0.013	0.013	-0.991	1468.244	
12/07/2019 14:30:15	-0.006	15.632	0.012	0.013	-0.987	1468.154	
12/07/2019 14:30:15	-0.004	15.61	0.014	0.013	-0.983	1468.079	
12/07/2019 14:30:15	-0.003	15.587	0.014	0.013	-0.979	1468.000	
12/07/2019 14:30:15	-0.004	15.564	0.012	0.012	-0.976	1467.919	
12/07/2019 14:30:16	-0.015	15.544	0.01	0.012	-0.974	1467.849	
12/07/2019 14:30:16	-0.01	15.525	0.009	0.011	-0.971	1467.783	
12/07/2019 14:30:16	-0.007	15.508	0.009	0.011	-0.969	1467.724	
12/07/2019 14:30:16	0	15.491	0.009	0.011	-0.966	1467.665	
12/07/2019 14:30:17	-0.001	15.478	0.009	0.011	-0.964	1467.620	
12/07/2019 14:30:17	-0.001	15.464	0.009	0.011	-0.962	1467.572	
12/07/2019 14:30:17	-0.002	15.451	0.01	0.012	-0.959	1467.528	
12/07/2019 14:30:17	-0.001	15.443	0.008	0.011	-0.959	1467.499	
12/07/2019 14:30:18	-0.003	15.443	0.009	0.011	-0.958	1467.499	
12/07/2019 14:30:18	-0.003	15.442	0.008	0.011	-0.959	1467.495	
12/07/2019 14:30:18	-0.003	15.439	0.008	0.011	-0.958	1467.485	
12/07/2019 14:30:18	-0.002	15.436	0.009	0.011	-0.957	1467.475	
12/07/2019 14:30:19	-0.002	15.432	0.009	0.011	-0.957	1467.461	
12/07/2019 14:30:19	-0.003	15.425	0.008	0.011	-0.956	1467.436	
12/07/2019 14:30:19	-0.002	15.416	0.008	0.011	-0.955	1467.405	
12/07/2019 14:30:19	-0.002	15.406	0.01	0.012	-0.952	1467.372	
12/07/2019 14:30:20	-0.003	15.394	0.008	0.011	-0.951	1467.329	
12/07/2019 14:30:20	-0.003	15.384	0.008	0.011	-0.950	1467.294	
12/07/2019 14:30:20	-0.002	15.372	0.008	0.011	-0.948	1467.253	
12/07/2019 14:30:20	-0.002	15.362	0.009	0.011	-0.946	1467.219	
12/07/2019 14:30:21	-0.003	15.351	0.007	0.010	-0.945	1467.179	
12/07/2019 14:30:21	-0.003	15.342	0.008	0.011	-0.943	1467.149	
12/07/2019 14:30:21	-0.002	15.332	0.009	0.011	-0.941	1467.114	
12/07/2019 14:30:21	-0.002	15.325	0.008	0.011	-0.940	1467.090	
12/07/2019 14:30:22	-0.003	15.32	0.007	0.010	-0.940	1467.072	
12/07/2019 14:30:22	-0.002	15.315	0.008	0.011	-0.939	1467.055	
12/07/2019 14:30:22	-0.003	15.309	0.009	0.011	-0.938	1467.035	
12/07/2019 14:30:22	-0.003	15.299	0.008	0.011	-0.936	1466.999	
12/07/2019 14:30:23	-0.004	15.289	0.008	0.011	-0.935	1466.965	
12/07/2019 14:30:23	-0.003	15.28	0.01	0.011	-0.933	1466.934	
12/07/2019 14:30:23	-0.003	15.272	0.011	0.012	-0.931	1466.907	
12/07/2019 14:30:23	-0.002	15.263	0.009	0.011	-0.931	1466.875	
12/07/2019 14:30:24	-0.004	15.256	0.01	0.011	-0.929	1466.851	
12/07/2019 14:30:24	-0.004	15.249	0.009	0.011	-0.928	1466.826	
12/07/2019 14:30:24	-0.002	15.243	0.01	0.011	-0.927	1466.806	
12/07/2019 14:30:24	-0.003	15.239	0.007	0.010	-0.928	1466.790	
12/07/2019 14:30:25	-0.003	15.234	0.009	0.011	-0.926	1466.774	
12/07/2019 14:30:25	-0.003	15.232	0.01	0.011	-0.925	1466.767	
12/07/2019 14:30:25	-0.003	15.233	0.01	0.011	-0.926	1466.771	
12/07/2019 14:30:25	-0.002	15.231	0.008	0.011	-0.926	1466.763	
12/07/2019 14:30:26	-0.004	15.225	0.009	0.011	-0.925	1466.742	
12/07/2019 14:30:26	-0.004	15.217	0.008	0.011	-0.924	1466.714	
12/07/2019 14:30:26	-0.004	15.211	0.009	0.011	-0.923	1466.694	
12/07/2019 14:30:26	-0.004	15.205	0.009	0.011	-0.922	1466.673	
12/07/2019 14:30:27	-0.004	15.197	0.009	0.011	-0.920	1466.645	
12/07/2019 14:30:27	-0.004	15.19	0.009	0.011	-0.919	1466.621	
