Now: 12/07/2019 16:22:15
Battery Level: 1.2V
MiniCTD: S/N 49833
Site info: Bleble
Calibrated: 01/01/2001
Latitude: 0.000000
Mode: M4
Tare: 10.0934
Pressure units: dBar
12/07/2019 16:22:15	0.001	16.932	0.011	0.012	-1.202	1472.557	
12/07/2019 16:22:15	0.001	16.934	0.012	0.013	-1.202	1472.565	
12/07/2019 16:22:15	0.002	16.935	0.009	0.012	-1.204	1472.566	
12/07/2019 16:22:15	0.003	16.935	0.01	0.012	-1.203	1472.567	
12/07/2019 16:22:16	0.001	16.936	0.012	0.013	-1.203	1472.571	
12/07/2019 16:22:16	0.001	16.935	0.012	0.013	-1.203	1472.568	
12/07/2019 16:22:16	0.002	16.936	0.012	0.013	-1.203	1472.571	
12/07/2019 16:22:16	0.002	16.936	0.012	0.013	-1.203	1472.571	
12/07/2019 16:22:17	0.002	16.936	0.011	0.012	-1.203	1472.571	
12/07/2019 16:22:17	0.002	16.937	0.011	0.012	-1.203	1472.574	
12/07/2019 16:22:17	0.003	16.939	0.01	0.012	-1.204	1472.580	
12/07/2019 16:22:17	0.003	16.94	0.01	0.012	-1.204	1472.584	
12/07/2019 16:22:18	0.003	16.941	0.011	0.012	-1.204	1472.587	
12/07/2019 16:22:18	0.003	16.941	0.009	0.012	-1.205	1472.586	
12/07/2019 16:22:18	0.003	16.941	0.011	0.012	-1.204	1472.587	
12/07/2019 16:22:18	0.002	16.942	0.011	0.012	-1.204	1472.591	
12/07/2019 16:22:19	0.002	16.942	0.012	0.013	-1.204	1472.591	
12/07/2019 16:22:19	0.002	16.942	0.011	0.012	-1.204	1472.591	
12/07/2019 16:22:19	0.002	16.941	0.01	0.012	-1.204	1472.587	
12/07/2019 16:22:19	0.001	16.943	0.01	0.012	-1.205	1472.593	
12/07/2019 16:22:20	0.002	16.943	0.011	0.012	-1.204	1472.594	
12/07/2019 16:22:20	0.001	16.944	0.011	0.012	-1.205	1472.597	
12/07/2019 16:22:20	0.003	16.946	0.013	0.013	-1.204	1472.605	
12/07/2019 16:22:20	0.002	16.946	0.011	0.012	-1.205	1472.604	
12/07/2019 16:22:21	0.002	16.946	0.014	0.014	-1.204	1472.606	
12/07/2019 16:22:21	0.002	16.946	0.013	0.013	-1.204	1472.605	
12/07/2019 16:22:21	0.002	16.945	0.015	0.014	-1.203	1472.603	
12/07/2019 16:22:21	0.002	16.944	0.015	0.014	-1.203	1472.600	
12/07/2019 16:22:22	0.002	16.944	0.015	0.014	-1.203	1472.600	
12/07/2019 16:22:22	0.002	16.943	0.015	0.014	-1.203	1472.596	
12/07/2019 16:22:22	0.001	16.942	0.013	0.013	-1.203	1472.592	
12/07/2019 16:22:22	0.001	16.94	0.011	0.012	-1.204	1472.584	
12/07/2019 16:22:23	0.002	16.941	0.014	0.014	-1.203	1472.589	
12/07/2019 16:22:23	0.002	16.94	0.013	0.013	-1.203	1472.585	
12/07/2019 16:22:23	0.001	16.939	0.013	0.013	-1.203	1472.582	
12/07/2019 16:22:23	0.001	16.939	0.013	0.013	-1.203	1472.582	
12/07/2019 16:22:24	0.002	16.94	0.012	0.013	-1.203	1472.585	
12/07/2019 16:22:24	0.001	16.937	0.012	0.013	-1.203	1472.575	
12/07/2019 16:22:24	0.001	16.933	0.01	0.012	-1.203	1472.560	
12/07/2019 16:22:24	0.002	16.929	0.013	0.013	-1.201	1472.548	
12/07/2019 16:22:25	0.001	16.925	0.011	0.012	-1.201	1472.534	
12/07/2019 16:22:25	0.001	16.923	0.009	0.012	-1.202	1472.526	
12/07/2019 16:22:25	0.002	16.92	0.01	0.012	-1.201	1472.517	
12/07/2019 16:22:25	0.002	16.918	0.01	0.012	-1.200	1472.510	
12/07/2019 16:22:26	0.002	16.913	0.01	0.012	-1.199	1472.494	
12/07/2019 16:22:26	0.002	16.909	0.01	0.012	-1.199	1472.480	
12/07/2019 16:22:26	0.001	16.904	0.01	0.012	-1.198	1472.464	
12/07/2019 16:22:26	0.001	16.894	0.011	0.012	-1.196	1472.431	
12/07/2019 16:22:27	0.001	16.881	0.01	0.012	-1.194	1472.387	
12/07/2019 16:22:27	0.001	16.87	0.012	0.013	-1.191	1472.351	
12/07/2019 16:22:27	0.001	16.858	0.012	0.013	-1.189	1472.311	
12/07/2019 16:22:27	0.001	16.848	0.013	0.013	-1.187	1472.278	
12/07/2019 16:22:28	0.001	16.837	0.011	0.012	-1.186	1472.241	
12/07/2019 16:22:28	0.002	16.829	0.01	0.012	-1.185	1472.213	
12/07/2019 16:22:28	0.001	16.821	0.011	0.012	-1.183	1472.187	
12/07/2019 16:22:28	0.001	16.81	0.011	0.012	-1.181	1472.150	
12/07/2019 16:22:29	0.001	16.795	0.009	0.011	-1.180	1472.099	
12/07/2019 16:22:29	0.001	16.778	0.01	0.012	-1.176	1472.043	
12/07/2019 16:22:29	0.001	16.764	0.009	0.011	-1.174	1471.996	
12/07/2019 16:22:29	0.002	16.751	0.013	0.013	-1.171	1471.954	
12/07/2019 16:22:30	0.001	16.739	0.013	0.013	-1.169	1471.914	
12/07/2019 16:22:30	0.001	16.725	0.011	0.012	-1.167	1471.866	
12/07/2019 16:22:30	0.001	16.712	0.012	0.013	-1.164	1471.823	
12/07/2019 16:22:30	0.001	16.702	0.012	0.013	-1.163	1471.790	
12/07/2019 16:22:31	0	16.694	0.012	0.013	-1.161	1471.763	
12/07/2019 16:22:31	0.001	16.685	0.012	0.013	-1.160	1471.733	
12/07/2019 16:22:31	0.001	16.679	0.009	0.011	-1.160	1471.711	
12/07/2019 16:22:31	0	16.674	0.011	0.012	-1.158	1471.695	
12/07/2019 16:22:32	0.001	16.668	0.013	0.013	-1.156	1471.676	
12/07/2019 16:22:32	0.001	16.658	0.011	0.012	-1.155	1471.641	
12/07/2019 16:22:32	-0.001	16.645	0.01	0.012	-1.154	1471.597	
12/07/2019 16:22:32	0	16.631	0.009	0.011	-1.152	1471.550	
12/07/2019 16:22:33	-0.001	16.612	0.011	0.012	-1.148	1471.487	
12/07/2019 16:22:33	-0.001	16.584	0.011	0.012	-1.143	1471.393	
12/07/2019 16:22:33	0	16.556	0.012	0.013	-1.138	1471.299	
12/07/2019 16:22:33	0	16.528	0.014	0.014	-1.132	1471.206	
12/07/2019 16:22:34	0.001	16.509	0.013	0.013	-1.130	1471.142	
12/07/2019 16:22:34	0.001	16.494	0.011	0.012	-1.128	1471.090	
12/07/2019 16:22:34	0.001	16.478	0.01	0.012	-1.125	1471.036	
12/07/2019 16:22:34	0.001	16.463	0.011	0.012	-1.123	1470.986	
12/07/2019 16:22:35	-0.004	16.452	0.011	0.012	-1.121	1470.948	
12/07/2019 16:22:35	0.002	16.447	0.01	0.012	-1.120	1470.931	
12/07/2019 16:22:35	0.001	16.445	0.011	0.012	-1.120	1470.925	
12/07/2019 16:22:35	0.002	16.446	0.011	0.012	-1.120	1470.928	
12/07/2019 16:22:36	0.001	16.448	0.012	0.013	-1.120	1470.936	
12/07/2019 16:22:36	0.001	16.449	0.015	0.014	-1.119	1470.941	
12/07/2019 16:22:36	0.002	16.443	0.012	0.013	-1.119	1470.919	
12/07/2019 16:22:36	0.002	16.431	0.014	0.014	-1.116	1470.879	
12/07/2019 16:22:37	0.003	16.42	5.914	3.908	1.876	1475.418	
12/07/2019 16:22:37	0.243	16.506	9.467	6.460	3.811	1478.660	
12/07/2019 16:22:37	0.4	16.603	10.879	7.486	4.577	1480.164	
12/07/2019 16:22:37	0.528	16.666	10.849	7.452	4.540	1480.334	
12/07/2019 16:22:38	0.662	16.704	10.859	7.452	4.534	1480.461	
12/07/2019 16:22:38	0.739	16.723	10.84	7.435	4.518	1480.505	
12/07/2019 16:22:38	0.764	16.732	10.847	7.438	4.519	1480.539	
12/07/2019 16:22:38	0.819	16.735	10.872	7.456	4.532	1480.570	
12/07/2019 16:22:39	0.876	16.731	10.872	7.457	4.534	1480.559	
12/07/2019 16:22:39	0.937	16.723	10.874	7.460	4.538	1480.537	
12/07/2019 16:22:39	1.04	16.726	10.851	7.442	4.524	1480.528	
12/07/2019 16:22:39	1.1	16.735	10.843	7.435	4.517	1480.550	
12/07/2019 16:22:40	1.18	16.742	10.833	7.426	4.510	1480.564	
12/07/2019 16:22:40	1.26	16.734	10.831	7.426	4.511	1480.539	
12/07/2019 16:22:40	1.325	16.72	10.829	7.427	4.515	1480.496	
12/07/2019 16:22:40	1.369	16.701	10.828	7.430	4.521	1480.437	
12/07/2019 16:22:41	1.38	16.682	10.829	7.434	4.528	1480.380	
12/07/2019 16:22:41	1.359	16.666	10.83	7.438	4.534	1480.331	
12/07/2019 16:22:41	1.308	16.653	10.827	7.438	4.536	1480.288	
12/07/2019 16:22:41	1.252	16.641	10.828	7.441	4.540	1480.251	
12/07/2019 16:22:42	1.21	16.635	10.831	7.444	4.543	1480.234	
12/07/2019 16:22:42	1.176	16.637	10.832	7.444	4.543	1480.241	
12/07/2019 16:22:42	1.158	16.638	10.833	7.445	4.543	1480.244	
12/07/2019 16:22:42	1.147	16.643	10.82	7.434	4.534	1480.249	
12/07/2019 16:22:43	1.145	16.653	10.819	7.432	4.531	1480.278	
12/07/2019 16:22:43	1.148	16.667	10.831	7.438	4.533	1480.332	
12/07/2019 16:22:43	1.154	16.669	10.837	7.442	4.536	1480.343	
12/07/2019 16:22:43	1.164	16.652	10.85	7.455	4.548	1480.302	
12/07/2019 16:22:44	1.177	16.629	10.854	7.462	4.558	1480.235	
12/07/2019 16:22:44	1.195	16.617	10.855	7.465	4.563	1480.199	
12/07/2019 16:22:44	1.214	16.619	10.86	7.468	4.565	1480.210	
12/07/2019 16:22:44	1.228	16.63	10.866	7.471	4.565	1480.249	
12/07/2019 16:22:45	1.236	16.645	10.865	7.467	4.560	1480.295	
12/07/2019 16:22:45	1.236	16.66	10.863	7.463	4.554	1480.339	
12/07/2019 16:22:45	1.242	16.674	10.864	7.461	4.550	1480.383	
12/07/2019 16:22:45	1.237	16.685	10.861	7.457	4.544	1480.414	
12/07/2019 16:22:46	1.228	16.695	10.862	7.456	4.542	1480.445	
12/07/2019 16:22:46	1.216	16.702	10.863	7.455	4.540	1480.468	
12/07/2019 16:22:46	1.205	16.711	10.862	7.453	4.536	1480.494	
12/07/2019 16:22:46	1.192	16.715	10.86	7.451	4.534	1480.505	
12/07/2019 16:22:47	1.177	16.719	10.86	7.450	4.532	1480.517	
12/07/2019 16:22:47	1.171	16.722	10.865	7.453	4.534	1480.530	
12/07/2019 16:22:47	1.172	16.723	10.868	7.455	4.536	1480.536	
12/07/2019 16:22:47	1.175	16.726	10.871	7.457	4.536	1480.547	
12/07/2019 16:22:48	1.183	16.731	10.867	7.453	4.532	1480.559	
12/07/2019 16:22:48	1.194	16.735	10.867	7.452	4.531	1480.572	
12/07/2019 16:22:48	1.22	16.74	10.87	7.454	4.531	1480.590	
12/07/2019 16:22:48	1.255	16.744	10.872	7.454	4.531	1480.605	
12/07/2019 16:22:49	1.28	16.748	10.872	7.454	4.530	1480.617	
12/07/2019 16:22:49	1.28	16.75	10.873	7.454	4.530	1480.624	
12/07/2019 16:22:49	1.279	16.751	10.873	7.454	4.530	1480.627	
12/07/2019 16:22:49	1.261	16.755	10.875	7.455	4.529	1480.641	
12/07/2019 16:22:50	1.234	16.756	10.871	7.451	4.527	1480.640	
12/07/2019 16:22:50	1.205	16.757	10.872	7.452	4.527	1480.644	
12/07/2019 16:22:50	1.177	16.758	10.87	7.450	4.525	1480.645	
12/07/2019 16:22:50	1.157	16.759	10.866	7.447	4.523	1480.644	
12/07/2019 16:22:51	1.14	16.76	10.865	7.446	4.522	1480.646	
12/07/2019 16:22:51	1.13	16.76	10.866	7.447	4.522	1480.647	
12/07/2019 16:22:51	1.123	16.761	10.865	7.446	4.521	1480.649	
12/07/2019 16:22:51	1.119	16.758	10.865	7.447	4.522	1480.640	
12/07/2019 16:22:52	1.124	16.759	10.862	7.444	4.520	1480.640	
12/07/2019 16:22:52	1.149	16.761	10.869	7.449	4.524	1480.653	
12/07/2019 16:22:52	1.196	16.76	10.872	7.451	4.526	1480.653	
12/07/2019 16:22:52	1.243	16.758	10.872	7.452	4.527	1480.648	
12/07/2019 16:22:53	1.274	16.757	10.876	7.455	4.529	1480.648	
12/07/2019 16:22:53	1.294	16.76	10.874	7.453	4.527	1480.656	
12/07/2019 16:22:53	1.301	16.762	10.877	7.455	4.528	1480.665	
12/07/2019 16:22:53	1.294	16.764	10.875	7.453	4.527	1480.669	
12/07/2019 16:22:54	1.281	16.767	10.876	7.453	4.526	1480.679	
12/07/2019 16:22:54	1.258	16.769	10.874	7.451	4.524	1480.683	
12/07/2019 16:22:54	1.231	16.771	10.875	7.452	4.524	1480.690	
12/07/2019 16:22:54	1.207	16.774	10.877	7.452	4.524	1480.700	
12/07/2019 16:22:55	1.187	16.775	10.878	7.453	4.524	1480.704	
12/07/2019 16:22:55	1.181	16.774	10.882	7.456	4.527	1480.704	
12/07/2019 16:22:55	1.185	16.775	10.885	7.458	4.528	1480.710	
12/07/2019 16:22:55	1.21	16.776	10.882	7.456	4.526	1480.711	
12/07/2019 16:22:56	1.199	16.778	10.881	7.455	4.525	1480.716	
12/07/2019 16:22:56	1.195	16.779	10.883	7.456	4.526	1480.720	
12/07/2019 16:22:56	1.18	16.781	10.882	7.455	4.525	1480.725	
12/07/2019 16:22:56	1.152	16.784	10.884	7.456	4.525	1480.736	
12/07/2019 16:22:57	1.13	16.787	10.884	7.455	4.524	1480.745	
12/07/2019 16:22:57	1.11	16.788	10.884	7.455	4.523	1480.747	
12/07/2019 16:22:57	1.11	16.791	10.883	7.454	4.522	1480.756	
12/07/2019 16:22:57	1.141	16.795	10.885	7.455	4.522	1480.770	
12/07/2019 16:22:58	1.189	16.801	10.883	7.452	4.519	1480.788	
12/07/2019 16:22:58	1.24	16.803	10.884	7.452	4.519	1480.796	
12/07/2019 16:22:58	1.276	16.807	10.883	7.451	4.517	1480.807	
12/07/2019 16:22:58	1.302	16.809	10.883	7.450	4.517	1480.814	
12/07/2019 16:22:59	1.315	16.809	10.883	7.450	4.517	1480.814	
12/07/2019 16:22:59	1.317	16.809	10.883	7.450	4.517	1480.814	
12/07/2019 16:22:59	1.307	16.809	10.882	7.450	4.516	1480.813	
12/07/2019 16:22:59	1.283	16.809	10.881	7.449	4.515	1480.812	
12/07/2019 16:23:00	1.252	16.81	10.881	7.449	4.515	1480.815	
12/07/2019 16:23:00	1.213	16.809	10.882	7.450	4.516	1480.812	
12/07/2019 16:23:00	1.177	16.808	10.885	7.452	4.517	1480.811	
12/07/2019 16:23:00	1.157	16.809	10.891	7.456	4.520	1480.818	
12/07/2019 16:23:01	1.149	16.81	10.893	7.458	4.521	1480.823	
12/07/2019 16:23:01	1.153	16.813	10.892	7.456	4.520	1480.831	
12/07/2019 16:23:01	1.158	16.816	10.894	7.457	4.520	1480.842	
12/07/2019 16:23:01	1.155	16.819	10.891	7.455	4.517	1480.849	
12/07/2019 16:23:02	1.147	16.822	10.89	7.453	4.516	1480.857	
12/07/2019 16:23:02	1.145	16.824	10.889	7.452	4.514	1480.862	
12/07/2019 16:23:02	1.145	16.828	10.89	7.452	4.514	1480.876	
12/07/2019 16:23:02	1.148	16.83	10.889	7.451	4.512	1480.881	
12/07/2019 16:23:03	1.17	16.835	10.889	7.450	4.511	1480.897	
12/07/2019 16:23:03	1.207	16.834	10.882	7.445	4.507	1480.888	
12/07/2019 16:23:03	1.239	16.833	10.875	7.440	4.504	1480.880	
12/07/2019 16:23:03	1.258	16.828	10.87	7.437	4.503	1480.860	
12/07/2019 16:23:04	1.267	16.825	10.859	7.430	4.498	1480.842	
12/07/2019 16:23:04	1.268	16.822	10.854	7.427	4.496	1480.829	
12/07/2019 16:23:04	1.27	16.815	10.856	7.429	4.499	1480.809	
12/07/2019 16:23:04	1.272	16.805	10.855	7.431	4.502	1480.778	
12/07/2019 16:23:05	1.269	16.793	10.856	7.433	4.506	1480.742	
12/07/2019 16:23:05	1.263	16.782	10.855	7.435	4.509	1480.707	
12/07/2019 16:23:05	1.263	16.77	10.856	7.438	4.514	1480.671	
12/07/2019 16:23:05	1.244	16.761	10.856	7.439	4.517	1480.643	
12/07/2019 16:23:06	1.232	16.753	10.857	7.442	4.520	1480.619	
12/07/2019 16:23:06	1.213	16.748	10.857	7.442	4.521	1480.604	
12/07/2019 16:23:06	1.187	16.748	10.857	7.442	4.521	1480.603	
12/07/2019 16:23:06	1.159	16.751	10.856	7.441	4.520	1480.611	
12/07/2019 16:23:07	1.119	16.756	10.871	7.451	4.526	1480.639	
12/07/2019 16:23:07	1.085	16.76	10.878	7.456	4.529	1480.656	
12/07/2019 16:23:07	1.072	16.771	10.879	7.455	4.526	1480.691	
12/07/2019 16:23:07	1.108	16.779	10.874	7.449	4.520	1480.711	
12/07/2019 16:23:08	1.227	16.78	10.876	7.451	4.522	1480.718	
12/07/2019 16:23:08	1.381	16.773	10.872	7.449	4.522	1480.696	
12/07/2019 16:23:08	1.551	16.768	10.871	7.449	4.524	1480.682	
12/07/2019 16:23:08	1.707	16.764	10.865	7.445	4.523	1480.668	
12/07/2019 16:23:09	1.864	16.759	10.861	7.443	4.523	1480.651	
12/07/2019 16:23:09	1.992	16.744	10.852	7.439	4.523	1480.600	
12/07/2019 16:23:09	2.123	16.721	10.844	7.438	4.527	1480.525	
12/07/2019 16:23:09	2.252	16.702	10.842	7.440	4.533	1480.467	
12/07/2019 16:23:10	2.353	16.682	10.829	7.434	4.532	1480.396	
12/07/2019 16:23:10	2.331	16.667	10.828	7.436	4.536	1480.348	
12/07/2019 16:23:10	2.357	16.655	10.831	7.440	4.542	1480.315	
12/07/2019 16:23:10	2.341	16.649	10.835	7.444	4.546	1480.299	
12/07/2019 16:23:11	2.323	16.645	10.839	7.448	4.550	1480.290	
12/07/2019 16:23:11	2.304	16.641	10.839	7.449	4.551	1480.277	
12/07/2019 16:23:11	2.329	16.64	10.845	7.453	4.555	1480.280	
12/07/2019 16:23:11	2.449	16.641	10.856	7.461	4.561	1480.294	
12/07/2019 16:23:12	2.576	16.649	10.861	7.464	4.562	1480.325	
12/07/2019 16:23:12	2.756	16.674	10.864	7.461	4.556	1480.408	
12/07/2019 16:23:12	2.895	16.698	10.867	7.459	4.551	1480.486	
12/07/2019 16:23:12	2.87	16.721	10.866	7.454	4.543	1480.555	
12/07/2019 16:23:13	2.892	16.736	10.861	7.447	4.535	1480.598	
12/07/2019 16:23:13	2.892	16.743	10.853	7.440	4.528	1480.612	
12/07/2019 16:23:13	2.957	16.744	10.853	7.440	4.528	1480.616	
12/07/2019 16:23:13	3.137	16.747	10.858	7.443	4.531	1480.633	
12/07/2019 16:23:14	3.257	16.742	10.853	7.440	4.530	1480.615	
12/07/2019 16:23:14	3.293	16.739	10.841	7.432	4.525	1480.596	
12/07/2019 16:23:14	3.289	16.735	10.835	7.428	4.523	1480.579	
12/07/2019 16:23:14	3.297	16.732	10.832	7.427	4.522	1480.567	
12/07/2019 16:23:15	3.304	16.729	10.834	7.429	4.524	1480.560	
12/07/2019 16:23:15	3.307	16.727	10.834	7.429	4.525	1480.554	
12/07/2019 16:23:15	3.313	16.723	10.835	7.431	4.527	1480.542	
12/07/2019 16:23:15	3.324	16.718	10.841	7.436	4.532	1480.532	
12/07/2019 16:23:16	3.402	16.709	10.849	7.444	4.539	1480.513	
12/07/2019 16:23:16	3.522	16.694	10.862	7.456	4.552	1480.480	
12/07/2019 16:23:16	3.619	16.687	10.845	7.445	4.545	1480.445	
12/07/2019 16:23:16	3.678	16.688	10.842	7.442	4.544	1480.447	
12/07/2019 16:23:17	3.797	16.69	10.833	7.435	4.538	1480.447	
12/07/2019 16:23:17	3.925	16.688	10.833	7.435	4.540	1480.443	
12/07/2019 16:23:17	4.034	16.681	10.834	7.438	4.543	1480.424	
12/07/2019 16:23:17	4.063	16.669	10.834	7.440	4.547	1480.388	
12/07/2019 16:23:18	4.081	16.656	10.832	7.441	4.550	1480.347	
12/07/2019 16:23:18	4.044	16.651	10.836	7.445	4.554	1480.334	
12/07/2019 16:23:18	4.041	16.652	10.837	7.445	4.554	1480.338	
12/07/2019 16:23:18	4.037	16.654	10.838	7.445	4.554	1480.345	
12/07/2019 16:23:19	4.048	16.656	10.834	7.442	4.551	1480.348	
12/07/2019 16:23:19	4.071	16.657	10.823	7.434	4.545	1480.342	
12/07/2019 16:23:19	4.122	16.656	10.809	7.424	4.537	1480.328	
12/07/2019 16:23:19	4.255	16.648	10.773	7.398	4.520	1480.275	
12/07/2019 16:23:20	4.411	16.601	10.744	7.385	4.520	1480.108	
12/07/2019 16:23:20	4.558	16.451	10.713	7.390	4.551	1479.620	
12/07/2019 16:23:20	4.712	16.242	10.675	7.400	4.598	1478.942	
12/07/2019 16:23:20	4.856	16.07	10.643	7.408	4.635	1478.381	
12/07/2019 16:23:21	5.002	15.946	10.624	7.416	4.664	1477.979	
12/07/2019 16:23:21	5.095	15.86	10.606	7.419	4.682	1477.695	
12/07/2019 16:23:21	5.128	15.79	10.603	7.429	4.703	1477.473	
12/07/2019 16:23:21	5.088	15.725	10.603	7.442	4.723	1477.268	
12/07/2019 16:23:22	5.088	15.695	10.603	7.447	4.733	1477.173	
12/07/2019 16:23:22	5.042	15.704	10.613	7.453	4.735	1477.210	
12/07/2019 16:23:22	5.02	15.726	10.62	7.454	4.732	1477.285	
12/07/2019 16:23:22	4.997	15.74	10.624	7.455	4.730	1477.332	
12/07/2019 16:23:23	4.983	15.748	10.624	7.453	4.727	1477.357	
12/07/2019 16:23:23	4.986	15.748	10.622	7.452	4.726	1477.355	
12/07/2019 16:23:23	5.043	15.748	10.619	7.449	4.725	1477.353	
12/07/2019 16:23:23	5.094	15.748	10.612	7.444	4.721	1477.348	
12/07/2019 16:23:24	5.177	15.745	10.608	7.442	4.720	1477.336	
12/07/2019 16:23:24	5.259	15.739	10.605	7.440	4.720	1477.316	
12/07/2019 16:23:24	5.355	15.719	10.606	7.445	4.728	1477.256	
12/07/2019 16:23:24	5.444	15.699	10.603	7.446	4.733	1477.191	
12/07/2019 16:23:25	5.53	15.681	10.601	7.448	4.738	1477.134	
12/07/2019 16:23:25	5.582	15.662	10.598	7.450	4.742	1477.073	
12/07/2019 16:23:25	5.665	15.633	10.582	7.443	4.743	1476.968	
12/07/2019 16:23:25	5.768	15.604	10.577	7.444	4.749	1476.874	
12/07/2019 16:23:26	5.869	15.586	10.575	7.446	4.754	1476.817	
12/07/2019 16:23:26	5.908	15.569	10.573	7.448	4.759	1476.762	
12/07/2019 16:23:26	5.864	15.542	10.571	7.451	4.766	1476.674	
12/07/2019 16:23:26	5.867	15.524	10.569	7.453	4.771	1476.616	
12/07/2019 16:23:27	5.844	15.518	10.57	7.455	4.773	1476.597	
12/07/2019 16:23:27	5.844	15.518	10.574	7.458	4.775	1476.601	
12/07/2019 16:23:27	5.829	15.522	10.576	7.459	4.775	1476.615	
12/07/2019 16:23:27	5.865	15.525	10.569	7.453	4.770	1476.619	
12/07/2019 16:23:28	6.005	15.531	10.559	7.444	4.763	1476.631	
12/07/2019 16:23:28	6.107	15.532	10.56	7.445	4.764	1476.637	
12/07/2019 16:23:28	6.135	15.519	10.562	7.449	4.769	1476.598	
12/07/2019 16:23:28	6.133	15.501	10.565	7.455	4.777	1476.544	
12/07/2019 16:23:29	6.166	15.487	10.563	7.456	4.780	1476.498	
12/07/2019 16:23:29	6.294	15.479	10.554	7.450	4.778	1476.467	
12/07/2019 16:23:29	6.468	15.47	10.554	7.452	4.782	1476.441	
12/07/2019 16:23:29	6.607	15.46	10.551	7.452	4.784	1476.409	
12/07/2019 16:23:30	6.7	15.447	10.549	7.452	4.787	1476.367	
12/07/2019 16:23:30	6.758	15.436	10.548	7.454	4.790	1476.333	
12/07/2019 16:23:30	6.809	15.427	10.549	7.456	4.794	1476.306	
12/07/2019 16:23:30	6.846	15.418	10.55	7.459	4.797	1476.279	
12/07/2019 16:23:31	6.847	15.415	10.552	7.461	4.799	1476.271	
12/07/2019 16:23:31	6.836	15.414	10.55	7.459	4.799	1476.266	
12/07/2019 16:23:31	6.831	15.415	10.551	7.460	4.799	1476.270	
12/07/2019 16:23:31	6.883	15.416	10.548	7.457	4.797	1476.271	
12/07/2019 16:23:32	6.978	15.42	10.546	7.455	4.795	1476.284	
12/07/2019 16:23:32	7.08	15.422	10.542	7.452	4.792	1476.288	
12/07/2019 16:23:32	7.234	15.422	10.544	7.453	4.794	1476.292	
12/07/2019 16:23:32	7.351	15.419	10.545	7.455	4.796	1476.286	
12/07/2019 16:23:33	7.496	15.416	10.544	7.454	4.797	1476.277	
12/07/2019 16:23:33	7.624	15.413	10.543	7.454	4.798	1476.269	
12/07/2019 16:23:33	7.725	15.406	10.544	7.456	4.802	1476.249	
12/07/2019 16:23:33	7.777	15.404	10.544	7.457	4.802	1476.244	
12/07/2019 16:23:34	7.74	15.4	10.543	7.457	4.803	1476.230	
12/07/2019 16:23:34	7.746	15.395	10.546	7.460	4.806	1476.217	
12/07/2019 16:23:34	7.737	15.392	10.543	7.458	4.806	1476.204	
12/07/2019 16:23:34	7.735	15.391	10.548	7.462	4.809	1476.206	
12/07/2019 16:23:35	7.737	15.392	10.545	7.460	4.807	1476.206	
12/07/2019 16:23:35	7.82	15.394	10.545	7.459	4.806	1476.214	
12/07/2019 16:23:35	7.914	15.399	10.545	7.458	4.805	1476.231	
12/07/2019 16:23:35	7.992	15.402	10.545	7.458	4.805	1476.242	
12/07/2019 16:23:36	8.074	15.401	10.542	7.456	4.804	1476.237	
12/07/2019 16:23:36	8.168	15.398	10.541	7.455	4.804	1476.229	
12/07/2019 16:23:36	8.277	15.397	10.544	7.458	4.807	1476.230	
12/07/2019 16:23:36	8.368	15.396	10.544	7.458	4.808	1476.228	
12/07/2019 16:23:37	8.468	15.396	10.546	7.460	4.809	1476.232	
12/07/2019 16:23:37	8.544	15.393	10.545	7.459	4.810	1476.222	
12/07/2019 16:23:37	8.596	15.393	10.543	7.458	4.809	1476.221	
12/07/2019 16:23:37	8.593	15.393	10.545	7.459	4.810	1476.223	
12/07/2019 16:23:38	8.577	15.394	10.544	7.458	4.809	1476.225	
12/07/2019 16:23:38	8.603	15.389	10.545	7.460	4.812	1476.211	
12/07/2019 16:23:38	8.587	15.388	10.546	7.461	4.812	1476.208	
12/07/2019 16:23:38	8.601	15.386	10.547	7.462	4.814	1476.203	
12/07/2019 16:23:39	8.605	15.388	10.546	7.461	4.812	1476.208	
12/07/2019 16:23:39	8.658	15.391	10.545	7.460	4.811	1476.218	
12/07/2019 16:23:39	8.735	15.397	10.543	7.457	4.808	1476.236	
12/07/2019 16:23:39	8.835	15.401	10.542	7.456	4.807	1476.250	
12/07/2019 16:23:40	8.941	15.403	10.544	7.457	4.808	1476.260	
12/07/2019 16:23:40	9.071	15.402	10.545	7.458	4.810	1476.259	
12/07/2019 16:23:40	9.177	15.401	10.542	7.456	4.809	1476.255	
12/07/2019 16:23:40	9.282	15.395	10.542	7.457	4.811	1476.238	
12/07/2019 16:23:41	9.347	15.392	10.543	7.458	4.813	1476.230	
12/07/2019 16:23:41	9.403	15.39	10.543	7.458	4.814	1476.225	
12/07/2019 16:23:41	9.402	15.388	10.542	7.458	4.814	1476.218	
12/07/2019 16:23:41	9.391	15.386	10.543	7.459	4.815	1476.212	
12/07/2019 16:23:42	9.412	15.385	10.545	7.461	4.816	1476.211	
12/07/2019 16:23:42	9.4	15.385	10.544	7.460	4.816	1476.210	
12/07/2019 16:23:42	9.407	15.385	10.548	7.463	4.818	1476.214	
12/07/2019 16:23:42	9.433	15.386	10.548	7.463	4.818	1476.217	
12/07/2019 16:23:43	9.464	15.384	10.547	7.463	4.818	1476.210	
12/07/2019 16:23:43	9.51	15.385	10.546	7.462	4.818	1476.213	
12/07/2019 16:23:43	9.564	15.389	10.547	7.462	4.817	1476.228	
12/07/2019 16:23:43	9.612	15.392	10.545	7.459	4.815	1476.236	
12/07/2019 16:23:44	9.658	15.396	10.541	7.456	4.812	1476.246	
12/07/2019 16:23:44	9.706	15.396	10.542	7.456	4.813	1476.248	
12/07/2019 16:23:44	9.775	15.397	10.538	7.453	4.810	1476.249	
12/07/2019 16:23:44	9.831	15.397	10.541	7.455	4.812	1476.252	
12/07/2019 16:23:45	9.897	15.397	10.54	7.455	4.812	1476.253	
12/07/2019 16:23:45	9.978	15.394	10.54	7.455	4.813	1476.244	
12/07/2019 16:23:45	10.067	15.392	10.54	7.456	4.814	1476.239	
12/07/2019 16:23:45	10.153	15.393	10.544	7.458	4.817	1476.248	
12/07/2019 16:23:46	10.23	15.393	10.543	7.458	4.816	1476.248	
12/07/2019 16:23:46	10.279	15.392	10.544	7.459	4.818	1476.246	
12/07/2019 16:23:46	10.239	15.392	10.544	7.459	4.817	1476.246	
12/07/2019 16:23:46	10.241	15.388	10.546	7.461	4.820	1476.235	
12/07/2019 16:23:47	10.238	15.384	10.545	7.461	4.821	1476.221	
12/07/2019 16:23:47	10.203	15.383	10.546	7.462	4.821	1476.218	
12/07/2019 16:23:47	10.201	15.382	10.544	7.461	4.820	1476.213	
12/07/2019 16:23:47	10.223	15.38	10.545	7.462	4.822	1476.208	
12/07/2019 16:23:48	10.269	15.378	10.545	7.462	4.823	1476.203	
12/07/2019 16:23:48	10.319	15.379	10.544	7.461	4.822	1476.206	
12/07/2019 16:23:48	10.364	15.382	10.54	7.457	4.819	1476.212	
12/07/2019 16:23:48	10.415	15.384	10.54	7.457	4.818	1476.220	
12/07/2019 16:23:49	10.482	15.383	10.537	7.455	4.817	1476.215	
12/07/2019 16:23:49	10.555	15.382	10.537	7.455	4.818	1476.213	
12/07/2019 16:23:49	10.646	15.381	10.541	7.458	4.821	1476.215	
12/07/2019 16:23:49	10.723	15.381	10.538	7.456	4.820	1476.213	
12/07/2019 16:23:50	10.773	15.381	10.54	7.458	4.821	1476.216	
12/07/2019 16:23:50	10.801	15.381	10.541	7.458	4.822	1476.217	
12/07/2019 16:23:50	10.878	15.379	10.541	7.459	4.823	1476.212	
12/07/2019 16:23:50	10.94	15.378	10.539	7.457	4.822	1476.208	
12/07/2019 16:23:51	11.032	15.378	10.54	7.458	4.823	1476.211	
12/07/2019 16:23:51	11.07	15.379	10.54	7.458	4.823	1476.214	
12/07/2019 16:23:51	11.022	15.378	10.54	7.458	4.823	1476.210	
12/07/2019 16:23:51	11.015	15.376	10.542	7.460	4.825	1476.206	
12/07/2019 16:23:52	11.013	15.376	10.541	7.459	4.824	1476.205	
12/07/2019 16:23:52	10.985	15.375	10.542	7.460	4.825	1476.202	
12/07/2019 16:23:52	10.999	15.373	10.542	7.461	4.826	1476.196	
12/07/2019 16:23:52	11.065	15.373	10.541	7.460	4.825	1476.196	
12/07/2019 16:23:53	11.133	15.374	10.541	7.460	4.825	1476.200	
12/07/2019 16:23:53	11.177	15.375	10.541	7.459	4.825	1476.204	
12/07/2019 16:23:53	11.217	15.376	10.542	7.460	4.826	1476.209	
12/07/2019 16:23:53	11.268	15.376	10.542	7.460	4.826	1476.210	
12/07/2019 16:23:54	11.317	15.374	10.542	7.460	4.827	1476.204	
12/07/2019 16:23:54	11.399	15.374	10.543	7.461	4.828	1476.206	
12/07/2019 16:23:54	11.476	15.375	10.542	7.460	4.827	1476.210	
12/07/2019 16:23:54	11.571	15.376	10.542	7.460	4.827	1476.215	
12/07/2019 16:23:55	11.673	15.376	10.545	7.462	4.830	1476.219	
12/07/2019 16:23:55	11.73	15.377	10.543	7.461	4.828	1476.221	
12/07/2019 16:23:55	11.759	15.376	10.544	7.461	4.829	1476.220	
12/07/2019 16:23:55	11.8	15.374	10.544	7.462	4.830	1476.214	
12/07/2019 16:23:56	11.804	15.374	10.544	7.462	4.830	1476.214	
12/07/2019 16:23:56	11.774	15.374	10.543	7.461	4.829	1476.213	
12/07/2019 16:23:56	11.79	15.373	10.542	7.461	4.829	1476.209	
12/07/2019 16:23:56	11.789	15.374	10.544	7.462	4.830	1476.214	
12/07/2019 16:23:57	11.784	15.375	10.544	7.462	4.830	1476.217	
12/07/2019 16:23:57	11.809	15.376	10.542	7.460	4.828	1476.219	
12/07/2019 16:23:57	11.867	15.377	10.543	7.461	4.829	1476.224	
12/07/2019 16:23:57	11.932	15.378	10.542	7.460	4.828	1476.227	
12/07/2019 16:23:58	12.019	15.376	10.541	7.459	4.829	1476.221	
12/07/2019 16:23:58	12.121	15.376	10.543	7.461	4.830	1476.224	
12/07/2019 16:23:58	12.197	15.376	10.543	7.461	4.831	1476.226	
12/07/2019 16:23:58	12.27	15.376	10.542	7.460	4.831	1476.226	
12/07/2019 16:23:59	12.38	15.374	10.544	7.462	4.833	1476.223	
12/07/2019 16:23:59	12.468	15.371	10.543	7.462	4.834	1476.214	
12/07/2019 16:23:59	12.508	15.371	10.541	7.460	4.833	1476.213	
12/07/2019 16:23:59	12.583	15.368	10.538	7.458	4.832	1476.202	
12/07/2019 16:24:00	12.558	15.368	10.537	7.458	4.831	1476.201	
12/07/2019 16:24:00	12.524	15.366	10.537	7.458	4.832	1476.194	
12/07/2019 16:24:00	12.548	15.366	10.539	7.459	4.833	1476.196	
12/07/2019 16:24:00	12.54	15.365	10.54	7.460	4.834	1476.194	
12/07/2019 16:24:01	12.532	15.365	10.539	7.460	4.833	1476.193	
12/07/2019 16:24:01	12.604	15.365	10.539	7.460	4.834	1476.194	
12/07/2019 16:24:01	12.695	15.365	10.537	7.458	4.833	1476.194	
12/07/2019 16:24:01	12.754	15.367	10.538	7.459	4.833	1476.202	
12/07/2019 16:24:02	12.832	15.368	10.541	7.461	4.835	1476.209	
12/07/2019 16:24:02	12.927	15.368	10.539	7.459	4.834	1476.209	
12/07/2019 16:24:02	13.048	15.367	10.541	7.461	4.836	1476.209	
12/07/2019 16:24:02	13.171	15.366	10.54	7.460	4.837	1476.207	
12/07/2019 16:24:03	13.259	15.367	10.541	7.461	4.837	1476.213	
12/07/2019 16:24:03	13.332	15.365	10.54	7.460	4.838	1476.206	
12/07/2019 16:24:03	13.399	15.365	10.541	7.461	4.839	1476.208	
12/07/2019 16:24:03	13.442	15.363	10.539	7.460	4.838	1476.201	
12/07/2019 16:24:04	13.451	15.364	10.54	7.461	4.838	1476.205	
12/07/2019 16:24:04	13.418	15.364	10.539	7.460	4.838	1476.204	
12/07/2019 16:24:04	13.399	15.365	10.54	7.460	4.838	1476.208	
12/07/2019 16:24:04	13.399	15.364	10.539	7.460	4.838	1476.204	
12/07/2019 16:24:05	13.392	15.365	10.539	7.460	4.837	1476.207	
12/07/2019 16:24:05	13.401	15.365	10.539	7.460	4.837	1476.207	
12/07/2019 16:24:05	13.48	15.366	10.54	7.460	4.838	1476.212	
12/07/2019 16:24:05	13.527	15.366	10.539	7.459	4.838	1476.212	
12/07/2019 16:24:06	13.561	15.367	10.54	7.460	4.838	1476.217	
12/07/2019 16:24:06	13.63	15.366	10.539	7.459	4.838	1476.214	
12/07/2019 16:24:06	13.696	15.366	10.54	7.460	4.839	1476.216	
12/07/2019 16:24:06	13.778	15.366	10.538	7.459	4.838	1476.215	
12/07/2019 16:24:07	13.862	15.365	10.539	7.460	4.839	1476.214	
12/07/2019 16:24:07	13.96	15.365	10.54	7.460	4.840	1476.217	
12/07/2019 16:24:07	14.062	15.363	10.54	7.461	4.842	1476.212	
12/07/2019 16:24:07	14.166	15.364	10.541	7.461	4.842	1476.218	
12/07/2019 16:24:08	14.249	15.364	10.541	7.461	4.843	1476.219	
12/07/2019 16:24:08	14.328	15.362	10.542	7.462	4.844	1476.215	
12/07/2019 16:24:08	14.36	15.36	10.542	7.463	4.845	1476.209	
12/07/2019 16:24:08	14.292	15.361	10.541	7.462	4.844	1476.210	
12/07/2019 16:24:09	14.28	15.361	10.542	7.463	4.844	1476.211	
12/07/2019 16:24:09	14.3	15.36	10.541	7.462	4.844	1476.207	
12/07/2019 16:24:09	14.277	15.36	10.541	7.462	4.844	1476.207	
12/07/2019 16:24:09	14.277	15.36	10.542	7.463	4.845	1476.208	
12/07/2019 16:24:10	14.31	15.359	10.543	7.464	4.846	1476.206	
12/07/2019 16:24:10	14.362	15.359	10.542	7.463	4.845	1476.206	
12/07/2019 16:24:10	14.395	15.359	10.542	7.463	4.846	1476.206	
12/07/2019 16:24:10	14.445	15.36	10.54	7.461	4.844	1476.209	
12/07/2019 16:24:11	14.524	15.361	10.538	7.459	4.843	1476.211	
12/07/2019 16:24:11	14.614	15.362	10.54	7.461	4.844	1476.218	
12/07/2019 16:24:11	14.741	15.362	10.539	7.460	4.844	1476.219	
12/07/2019 16:24:11	14.902	15.363	10.539	7.460	4.845	1476.225	
12/07/2019 16:24:12	15.01	15.361	10.541	7.462	4.847	1476.222	
12/07/2019 16:24:12	15.073	15.36	10.541	7.462	4.848	1476.220	
12/07/2019 16:24:12	15.101	15.359	10.539	7.461	4.847	1476.215	
12/07/2019 16:24:12	15.183	15.357	10.539	7.461	4.848	1476.210	
12/07/2019 16:24:13	15.229	15.357	10.537	7.459	4.847	1476.209	
12/07/2019 16:24:13	15.162	15.357	10.538	7.460	4.847	1476.209	
12/07/2019 16:24:13	15.144	15.357	10.538	7.460	4.847	1476.209	
12/07/2019 16:24:13	15.169	15.357	10.538	7.460	4.847	1476.209	
12/07/2019 16:24:14	15.144	15.357	10.539	7.461	4.848	1476.210	
12/07/2019 16:24:14	15.13	15.357	10.539	7.461	4.848	1476.209	
12/07/2019 16:24:14	15.155	15.355	10.539	7.461	4.848	1476.203	
12/07/2019 16:24:14	15.181	15.355	10.539	7.461	4.849	1476.204	
12/07/2019 16:24:15	15.241	15.357	10.539	7.461	4.848	1476.211	
12/07/2019 16:24:15	15.331	15.357	10.538	7.460	4.848	1476.212	
12/07/2019 16:24:15	15.407	15.358	10.538	7.460	4.848	1476.216	
12/07/2019 16:24:15	15.525	15.357	10.539	7.461	4.850	1476.216	
12/07/2019 16:24:16	15.675	15.356	10.538	7.460	4.850	1476.214	
12/07/2019 16:24:16	15.87	15.356	10.538	7.460	4.851	1476.217	
12/07/2019 16:24:16	16.03	15.354	10.539	7.461	4.853	1476.214	
12/07/2019 16:24:16	16.075	15.353	10.536	7.459	4.852	1476.209	
12/07/2019 16:24:17	16.022	15.352	10.539	7.462	4.853	1476.208	
12/07/2019 16:24:17	16.016	15.351	10.538	7.461	4.853	1476.204	
12/07/2019 16:24:17	16.06	15.35	10.538	7.461	4.854	1476.201	
12/07/2019 16:24:17	16.057	15.351	10.536	7.460	4.852	1476.203	
12/07/2019 16:24:18	16.052	15.351	10.538	7.461	4.853	1476.204	
12/07/2019 16:24:18	16.095	15.351	10.539	7.462	4.854	1476.206	
12/07/2019 16:24:18	16.201	15.352	10.537	7.460	4.853	1476.209	
12/07/2019 16:24:18	16.304	15.353	10.539	7.462	4.854	1476.216	
12/07/2019 16:24:19	16.416	15.353	10.539	7.462	4.855	1476.217	
12/07/2019 16:24:19	16.573	15.353	10.538	7.461	4.855	1476.219	
12/07/2019 16:24:19	16.739	15.352	10.537	7.460	4.855	1476.218	
12/07/2019 16:24:19	16.868	15.351	10.537	7.460	4.856	1476.217	
12/07/2019 16:24:20	16.905	15.35	10.538	7.461	4.857	1476.215	
12/07/2019 16:24:20	16.928	15.349	10.538	7.461	4.858	1476.212	
12/07/2019 16:24:20	16.964	15.349	10.537	7.461	4.857	1476.212	
12/07/2019 16:24:20	16.935	15.348	10.537	7.461	4.858	1476.208	
12/07/2019 16:24:21	16.889	15.35	10.538	7.461	4.857	1476.215	
12/07/2019 16:24:21	16.902	15.351	10.538	7.461	4.857	1476.218	
12/07/2019 16:24:21	16.919	15.351	10.538	7.461	4.857	1476.218	
12/07/2019 16:24:21	16.909	15.351	10.54	7.463	4.858	1476.220	
12/07/2019 16:24:22	16.93	15.35	10.539	7.462	4.858	1476.216	
12/07/2019 16:24:22	17.011	15.35	10.535	7.459	4.856	1476.214	
12/07/2019 16:24:22	17.127	15.351	10.537	7.460	4.858	1476.221	
12/07/2019 16:24:22	17.264	15.351	10.536	7.460	4.858	1476.222	
12/07/2019 16:24:23	17.44	15.352	10.538	7.461	4.859	1476.230	
12/07/2019 16:24:23	17.575	15.35	10.537	7.460	4.860	1476.225	
12/07/2019 16:24:23	17.653	15.35	10.538	7.461	4.861	1476.227	
12/07/2019 16:24:23	17.628	15.349	10.537	7.461	4.860	1476.223	
12/07/2019 16:24:24	17.6	15.348	10.539	7.462	4.862	1476.221	
12/07/2019 16:24:24	17.623	15.349	10.539	7.462	4.862	1476.224	
12/07/2019 16:24:24	17.64	15.347	10.538	7.462	4.862	1476.217	
12/07/2019 16:24:24	17.711	15.348	10.538	7.462	4.862	1476.222	
12/07/2019 16:24:25	17.813	15.348	10.536	7.460	4.861	1476.221	
12/07/2019 16:24:25	17.894	15.349	10.536	7.460	4.861	1476.226	
12/07/2019 16:24:25	17.911	15.349	10.537	7.461	4.862	1476.227	
12/07/2019 16:24:25	17.877	15.348	10.539	7.462	4.863	1476.225	
12/07/2019 16:24:26	17.877	15.348	10.54	7.463	4.864	1476.226	
12/07/2019 16:24:26	17.879	15.347	10.538	7.462	4.863	1476.221	
12/07/2019 16:24:26	17.868	15.347	10.538	7.462	4.863	1476.221	
12/07/2019 16:24:26	17.85	15.347	10.538	7.462	4.863	1476.221	
12/07/2019 16:24:27	17.929	15.346	10.539	7.463	4.864	1476.220	
12/07/2019 16:24:27	18.053	15.349	10.538	7.461	4.863	1476.230	
12/07/2019 16:24:27	18.169	15.348	10.538	7.462	4.864	1476.229	
12/07/2019 16:24:27	18.284	15.348	10.538	7.462	4.864	1476.231	
12/07/2019 16:24:28	18.383	15.348	10.537	7.461	4.864	1476.232	
12/07/2019 16:24:28	18.477	15.349	10.538	7.461	4.865	1476.237	
12/07/2019 16:24:28	18.562	15.349	10.537	7.461	4.865	1476.238	
12/07/2019 16:24:28	18.652	15.348	10.538	7.462	4.866	1476.237	
12/07/2019 16:24:29	18.736	15.346	10.538	7.462	4.867	1476.232	
12/07/2019 16:24:29	18.788	15.347	10.538	7.462	4.867	1476.236	
12/07/2019 16:24:29	18.813	15.347	10.539	7.462	4.868	1476.237	
12/07/2019 16:24:29	18.803	15.348	10.541	7.464	4.868	1476.242	
12/07/2019 16:24:30	18.798	15.348	10.54	7.463	4.868	1476.241	
12/07/2019 16:24:30	18.805	15.347	10.539	7.462	4.868	1476.237	
12/07/2019 16:24:30	18.805	15.347	10.539	7.462	4.868	1476.237	
12/07/2019 16:24:30	18.774	15.348	10.537	7.461	4.866	1476.238	
12/07/2019 16:24:31	18.818	15.346	10.538	7.462	4.867	1476.233	
12/07/2019 16:24:31	18.854	15.346	10.537	7.461	4.867	1476.233	
12/07/2019 16:24:31	18.874	15.348	10.538	7.461	4.867	1476.240	
12/07/2019 16:24:31	18.889	15.348	10.538	7.461	4.867	1476.241	
12/07/2019 16:24:32	18.92	15.348	10.538	7.461	4.867	1476.241	
12/07/2019 16:24:32	18.967	15.346	10.537	7.461	4.867	1476.235	
12/07/2019 16:24:32	19.049	15.347	10.537	7.461	4.867	1476.239	
12/07/2019 16:24:32	19.145	15.348	10.537	7.461	4.868	1476.244	
12/07/2019 16:24:33	19.272	15.349	10.537	7.460	4.868	1476.249	
12/07/2019 16:24:33	19.403	15.349	10.536	7.460	4.868	1476.250	
12/07/2019 16:24:33	19.493	15.348	10.539	7.462	4.870	1476.251	
12/07/2019 16:24:33	19.59	15.348	10.536	7.460	4.869	1476.250	
12/07/2019 16:24:34	19.698	15.346	10.538	7.462	4.871	1476.247	
12/07/2019 16:24:34	19.703	15.346	10.539	7.463	4.872	1476.248	
12/07/2019 16:24:34	19.646	15.347	10.538	7.462	4.871	1476.250	
12/07/2019 16:24:34	19.639	15.346	10.539	7.463	4.872	1476.247	
12/07/2019 16:24:35	19.659	15.345	10.541	7.464	4.873	1476.246	
12/07/2019 16:24:35	19.656	15.346	10.539	7.463	4.872	1476.248	
12/07/2019 16:24:35	19.714	15.345	10.539	7.463	4.872	1476.245	
12/07/2019 16:24:35	19.756	15.346	10.54	7.463	4.873	1476.250	
12/07/2019 16:24:36	19.806	15.348	10.539	7.462	4.872	1476.256	
12/07/2019 16:24:36	19.858	15.348	10.536	7.460	4.870	1476.255	
12/07/2019 16:24:36	19.928	15.347	10.536	7.460	4.871	1476.253	
12/07/2019 16:24:36	20.014	15.347	10.537	7.461	4.872	1476.255	
12/07/2019 16:24:37	20.099	15.346	10.538	7.462	4.873	1476.254	
12/07/2019 16:24:37	20.19	15.347	10.54	7.463	4.874	1476.260	
12/07/2019 16:24:37	20.297	15.346	10.538	7.462	4.874	1476.257	
12/07/2019 16:24:37	20.387	15.345	10.537	7.461	4.874	1476.255	
12/07/2019 16:24:38	20.434	15.345	10.538	7.462	4.875	1476.256	
12/07/2019 16:24:38	20.486	15.343	10.537	7.461	4.875	1476.250	
12/07/2019 16:24:38	20.523	15.341	10.539	7.463	4.877	1476.246	
12/07/2019 16:24:38	20.562	15.34	10.539	7.464	4.878	1476.243	
12/07/2019 16:24:39	20.614	15.339	10.538	7.463	4.878	1476.240	
12/07/2019 16:24:39	20.609	15.338	10.536	7.462	4.877	1476.235	
12/07/2019 16:24:39	20.532	15.339	10.538	7.463	4.877	1476.239	
12/07/2019 16:24:39	20.519	15.339	10.539	7.464	4.878	1476.239	
12/07/2019 16:24:40	20.536	15.34	10.538	7.463	4.877	1476.242	
12/07/2019 16:24:40	20.536	15.34	10.538	7.463	4.877	1476.242	
12/07/2019 16:24:40	20.534	15.34	10.538	7.463	4.877	1476.242	
12/07/2019 16:24:40	20.596	15.34	10.538	7.463	4.877	1476.243	
12/07/2019 16:24:41	20.717	15.339	10.536	7.461	4.877	1476.240	
12/07/2019 16:24:41	20.845	15.339	10.538	7.463	4.879	1476.244	
12/07/2019 16:24:41	20.944	15.339	10.537	7.462	4.879	1476.244	
12/07/2019 16:24:41	21.072	15.338	10.536	7.462	4.879	1476.242	
12/07/2019 16:24:42	21.186	15.337	10.535	7.461	4.879	1476.240	
12/07/2019 16:24:42	21.267	15.338	10.537	7.462	4.880	1476.247	
12/07/2019 16:24:42	21.329	15.337	10.537	7.463	4.881	1476.244	
12/07/2019 16:24:42	21.383	15.338	10.538	7.463	4.881	1476.249	
12/07/2019 16:24:43	21.428	15.337	10.537	7.463	4.881	1476.246	
12/07/2019 16:24:43	21.454	15.338	10.536	7.462	4.881	1476.249	
12/07/2019 16:24:43	21.437	15.338	10.536	7.462	4.881	1476.248	
12/07/2019 16:24:43	21.389	15.337	10.536	7.462	4.881	1476.244	
12/07/2019 16:24:44	21.385	15.339	10.537	7.462	4.881	1476.252	
12/07/2019 16:24:44	21.417	15.337	10.536	7.462	4.881	1476.245	
12/07/2019 16:24:44	21.443	15.335	10.537	7.463	4.882	1476.240	
12/07/2019 16:24:44	21.444	15.336	10.537	7.463	4.882	1476.243	
12/07/2019 16:24:45	21.545	15.335	10.534	7.461	4.881	1476.239	
12/07/2019 16:24:45	21.691	15.337	10.536	7.462	4.882	1476.249	
12/07/2019 16:24:45	21.831	15.336	10.536	7.462	4.883	1476.248	
12/07/2019 16:24:45	21.925	15.336	10.536	7.462	4.883	1476.250	
12/07/2019 16:24:46	21.982	15.335	10.534	7.461	4.883	1476.246	
12/07/2019 16:24:46	22.007	15.334	10.535	7.462	4.884	1476.244	
12/07/2019 16:24:46	22.047	15.333	10.536	7.462	4.885	1476.242	
12/07/2019 16:24:46	22.098	15.334	10.535	7.462	4.884	1476.245	
12/07/2019 16:24:47	22.199	15.333	10.535	7.462	4.885	1476.244	
12/07/2019 16:24:47	22.276	15.333	10.536	7.462	4.886	1476.246	
12/07/2019 16:24:47	22.338	15.334	10.534	7.461	4.885	1476.248	
12/07/2019 16:24:47	22.388	15.333	10.536	7.462	4.886	1476.248	
12/07/2019 16:24:48	22.388	15.334	10.534	7.461	4.885	1476.249	
12/07/2019 16:24:48	22.341	15.334	10.535	7.461	4.885	1476.249	
12/07/2019 16:24:48	22.331	15.335	10.536	7.462	4.886	1476.253	
12/07/2019 16:24:48	22.357	15.334	10.536	7.462	4.886	1476.251	
12/07/2019 16:24:49	22.357	15.333	10.535	7.462	4.886	1476.247	
12/07/2019 16:24:49	22.342	15.334	10.536	7.462	4.886	1476.250	
12/07/2019 16:24:49	22.367	15.333	10.537	7.463	4.887	1476.248	
12/07/2019 16:24:49	22.44	15.332	10.535	7.462	4.886	1476.245	
12/07/2019 16:24:50	22.547	15.332	10.534	7.461	4.886	1476.246	
12/07/2019 16:24:50	22.642	15.333	10.536	7.462	4.888	1476.252	
12/07/2019 16:24:50	22.765	15.332	10.535	7.462	4.888	1476.250	
12/07/2019 16:24:50	22.871	15.333	10.536	7.462	4.889	1476.256	
12/07/2019 16:24:51	22.957	15.332	10.533	7.460	4.888	1476.251	
12/07/2019 16:24:51	23.059	15.331	10.536	7.463	4.890	1476.252	
12/07/2019 16:24:51	23.196	15.331	10.535	7.462	4.890	1476.254	
12/07/2019 16:24:51	23.348	15.332	10.537	7.463	4.892	1476.261	
12/07/2019 16:24:52	23.442	15.33	10.535	7.462	4.892	1476.255	
12/07/2019 16:24:52	23.38	15.33	10.536	7.463	4.892	1476.254	
12/07/2019 16:24:52	23.294	15.331	10.536	7.463	4.891	1476.256	
12/07/2019 16:24:52	23.292	15.331	10.535	7.462	4.891	1476.255	
12/07/2019 16:24:53	23.324	15.329	10.536	7.463	4.892	1476.250	
12/07/2019 16:24:53	23.301	15.33	10.535	7.462	4.891	1476.252	
12/07/2019 16:24:53	23.295	15.33	10.535	7.462	4.891	1476.252	
12/07/2019 16:24:53	23.391	15.33	10.534	7.461	4.891	1476.253	
12/07/2019 16:24:54	23.465	15.33	10.532	7.460	4.890	1476.252	
12/07/2019 16:24:54	23.514	15.33	10.534	7.461	4.891	1476.255	
12/07/2019 16:24:54	23.56	15.33	10.534	7.461	4.892	1476.256	
12/07/2019 16:24:54	23.623	15.33	10.535	7.462	4.892	1476.257	
12/07/2019 16:24:55	23.679	15.33	10.535	7.462	4.893	1476.258	
12/07/2019 16:24:55	23.76	15.33	10.534	7.461	4.892	1476.259	
12/07/2019 16:24:55	23.831	15.33	10.533	7.461	4.892	1476.259	
12/07/2019 16:24:55	23.894	15.331	10.534	7.461	4.893	1476.264	
12/07/2019 16:24:56	23.946	15.329	10.533	7.461	4.893	1476.258	
12/07/2019 16:24:56	24.005	15.328	10.532	7.460	4.893	1476.255	
12/07/2019 16:24:56	24.09	15.327	10.531	7.460	4.893	1476.252	
12/07/2019 16:24:56	24.188	15.326	10.533	7.461	4.895	1476.252	
12/07/2019 16:24:57	24.254	15.324	10.531	7.460	4.895	1476.245	
12/07/2019 16:24:57	24.237	15.322	10.532	7.461	4.896	1476.239	
12/07/2019 16:24:57	24.206	15.322	10.533	7.462	4.896	1476.240	
12/07/2019 16:24:57	24.223	15.321	10.534	7.463	4.897	1476.238	
12/07/2019 16:24:58	24.251	15.319	10.532	7.462	4.897	1476.230	
12/07/2019 16:24:58	24.251	15.319	10.533	7.463	4.898	1476.231	
12/07/2019 16:24:58	24.29	15.319	10.533	7.463	4.898	1476.231	
12/07/2019 16:24:58	24.36	15.32	10.531	7.461	4.897	1476.234	
12/07/2019 16:24:59	24.398	15.32	10.532	7.462	4.897	1476.236	
12/07/2019 16:24:59	24.398	15.32	10.53	7.460	4.896	1476.234	
12/07/2019 16:24:59	24.431	15.318	10.531	7.461	4.898	1476.229	
12/07/2019 16:24:59	24.483	15.317	10.532	7.462	4.899	1476.227	
12/07/2019 16:25:00	24.566	15.316	10.531	7.462	4.899	1476.225	
12/07/2019 16:25:00	24.677	15.316	10.53	7.461	4.899	1476.226	
12/07/2019 16:25:00	24.764	15.314	10.53	7.461	4.900	1476.221	
12/07/2019 16:25:00	24.84	15.314	10.531	7.462	4.901	1476.223	
12/07/2019 16:25:01	24.919	15.314	10.531	7.462	4.901	1476.224	
12/07/2019 16:25:01	25.009	15.313	10.53	7.461	4.901	1476.221	
12/07/2019 16:25:01	25.083	15.313	10.53	7.461	4.901	1476.223	
12/07/2019 16:25:01	25.133	15.312	10.529	7.461	4.901	1476.219	
12/07/2019 16:25:02	25.178	15.31	10.53	7.462	4.903	1476.215	
12/07/2019 16:25:02	25.172	15.31	10.53	7.462	4.903	1476.214	
12/07/2019 16:25:02	25.147	15.309	10.531	7.463	4.904	1476.212	
12/07/2019 16:25:02	25.149	15.309	10.53	7.462	4.903	1476.211	
12/07/2019 16:25:03	25.16	15.308	10.532	7.464	4.905	1476.210	
12/07/2019 16:25:03	25.171	15.307	10.53	7.462	4.904	1476.205	
12/07/2019 16:25:03	25.228	15.306	10.53	7.463	4.904	1476.203	
12/07/2019 16:25:03	25.275	15.306	10.53	7.463	4.905	1476.203	
12/07/2019 16:25:04	25.316	15.306	10.53	7.463	4.905	1476.204	
12/07/2019 16:25:04	25.368	15.306	10.53	7.463	4.905	1476.205	
12/07/2019 16:25:04	25.393	15.306	10.531	7.463	4.906	1476.206	
12/07/2019 16:25:04	25.45	15.306	10.529	7.462	4.905	1476.205	
12/07/2019 16:25:05	25.565	15.305	10.53	7.463	4.906	1476.205	
12/07/2019 16:25:05	25.704	15.305	10.531	7.464	4.907	1476.208	
12/07/2019 16:25:05	25.823	15.304	10.53	7.463	4.908	1476.206	
12/07/2019 16:25:05	25.891	15.304	10.53	7.463	4.908	1476.207	
12/07/2019 16:25:06	25.895	15.302	10.527	7.461	4.907	1476.198	
12/07/2019 16:25:06	25.894	15.301	10.53	7.464	4.909	1476.197	
12/07/2019 16:25:06	25.9	15.299	10.531	7.465	4.910	1476.192	
12/07/2019 16:25:06	25.861	15.3	10.531	7.464	4.910	1476.195	
12/07/2019 16:25:07	25.835	15.299	10.53	7.464	4.909	1476.190	
12/07/2019 16:25:07	25.857	15.299	10.529	7.463	4.909	1476.190	
12/07/2019 16:25:07	25.894	15.299	10.529	7.463	4.909	1476.190	
12/07/2019 16:25:07	25.947	15.298	10.529	7.463	4.910	1476.188	
12/07/2019 16:25:08	26.089	15.297	10.527	7.462	4.909	1476.185	
12/07/2019 16:25:08	26.269	15.297	10.527	7.462	4.910	1476.188	
12/07/2019 16:25:08	26.45	15.296	10.526	7.461	4.911	1476.187	
12/07/2019 16:25:08	26.603	15.292	10.525	7.461	4.912	1476.176	
12/07/2019 16:25:09	26.797	15.289	10.524	7.461	4.913	1476.169	
12/07/2019 16:25:09	26.942	15.286	10.526	7.463	4.916	1476.163	
12/07/2019 16:25:09	26.968	15.282	10.523	7.462	4.916	1476.148	
12/07/2019 16:25:09	26.889	15.279	10.525	7.464	4.917	1476.139	
12/07/2019 16:25:10	26.821	15.277	10.524	7.463	4.917	1476.131	
12/07/2019 16:25:10	26.821	15.278	10.526	7.465	4.918	1476.136	
12/07/2019 16:25:10	26.827	15.279	10.527	7.465	4.918	1476.140	
12/07/2019 16:25:10	26.777	15.279	10.528	7.466	4.919	1476.140	
12/07/2019 16:25:11	26.745	15.279	10.527	7.465	4.918	1476.139	
12/07/2019 16:25:11	26.835	15.28	10.525	7.464	4.917	1476.141	
12/07/2019 16:25:11	26.965	15.28	10.524	7.463	4.917	1476.143	
12/07/2019 16:25:11	27.126	15.279	10.523	7.462	4.917	1476.141	
12/07/2019 16:25:12	27.28	15.277	10.525	7.464	4.920	1476.139	
12/07/2019 16:25:12	27.436	15.274	10.523	7.463	4.920	1476.130	
12/07/2019 16:25:12	27.54	15.272	10.521	7.462	4.920	1476.124	
12/07/2019 16:25:12	27.545	15.269	10.522	7.463	4.922	1476.115	
12/07/2019 16:25:13	27.498	15.266	10.522	7.464	4.923	1476.105	
12/07/2019 16:25:13	27.518	15.263	10.523	7.465	4.924	1476.097	
12/07/2019 16:25:13	27.589	15.263	10.521	7.464	4.923	1476.096	
12/07/2019 16:25:13	27.64	15.261	10.521	7.464	4.924	1476.090	
12/07/2019 16:25:14	27.777	15.258	10.518	7.462	4.924	1476.080	
12/07/2019 16:25:14	27.939	15.256	10.517	7.462	4.925	1476.076	
12/07/2019 16:25:14	28.01	15.251	10.515	7.461	4.925	1476.059	
12/07/2019 16:25:14	28.06	15.246	10.516	7.463	4.928	1476.045	
12/07/2019 16:25:15	28.105	15.239	10.513	7.462	4.928	1476.021	
12/07/2019 16:25:15	28.193	15.232	10.511	7.462	4.930	1475.998	
12/07/2019 16:25:15	28.314	15.227	10.503	7.457	4.927	1475.977	
12/07/2019 16:25:15	28.42	15.218	10.5	7.456	4.929	1475.947	
12/07/2019 16:25:16	28.487	15.202	10.495	7.455	4.931	1475.893	
12/07/2019 16:25:16	28.434	15.176	10.498	7.462	4.941	1475.811	
12/07/2019 16:25:16	28.325	15.157	10.503	7.470	4.949	1475.753	
12/07/2019 16:25:16	28.293	15.157	10.502	7.469	4.949	1475.752	
12/07/2019 16:25:17	28.316	15.165	10.505	7.470	4.948	1475.781	
12/07/2019 16:25:17	28.328	15.168	10.504	7.468	4.947	1475.789	
12/07/2019 16:25:17	28.302	15.171	10.507	7.470	4.947	1475.801	
12/07/2019 16:25:17	28.289	15.174	10.505	7.468	4.945	1475.809	
12/07/2019 16:25:18	28.34	15.176	10.503	7.466	4.943	1475.814	
12/07/2019 16:25:18	28.468	15.175	10.492	7.458	4.938	1475.803	
12/07/2019 16:25:18	28.609	15.167	10.487	7.456	4.938	1475.776	
12/07/2019 16:25:18	28.692	15.144	10.483	7.457	4.943	1475.700	
12/07/2019 16:25:19	28.772	15.111	10.474	7.456	4.949	1475.588	
12/07/2019 16:25:19	28.859	15.071	10.465	7.457	4.956	1475.453	
12/07/2019 16:25:19	28.961	15.025	10.456	7.459	4.966	1475.299	
12/07/2019 16:25:19	29.108	14.973	10.436	7.453	4.971	1475.116	
12/07/2019 16:25:20	29.226	14.905	10.405	7.442	4.974	1474.872	
12/07/2019 16:25:20	29.3	14.826	10.395	7.449	4.993	1474.609	
12/07/2019 16:25:20	29.325	14.744	10.387	7.459	5.014	1474.338	
12/07/2019 16:25:20	29.343	14.671	10.384	7.470	5.035	1474.099	
12/07/2019 16:25:21	29.317	14.605	10.384	7.483	5.056	1473.885	
12/07/2019 16:25:21	29.316	14.559	10.383	7.491	5.069	1473.735	
12/07/2019 16:25:21	29.329	14.529	10.38	7.494	5.077	1473.635	
12/07/2019 16:25:21	29.317	14.509	10.383	7.500	5.085	1473.573	
12/07/2019 16:25:22	29.277	14.503	10.394	7.510	5.093	1473.563	
12/07/2019 16:25:22	29.257	14.529	10.393	7.504	5.084	1473.646	
12/07/2019 16:25:22	29.321	14.557	10.39	7.497	5.074	1473.735	
12/07/2019 16:25:22	29.405	14.566	10.379	7.486	5.065	1473.756	
12/07/2019 16:25:23	29.465	14.549	10.363	7.477	5.061	1473.687	
12/07/2019 16:25:23	29.494	14.51	10.344	7.470	5.062	1473.543	
12/07/2019 16:25:23	29.521	14.474	10.335	7.470	5.068	1473.418	
12/07/2019 16:25:23	29.579	14.423	10.318	7.466	5.073	1473.238	
12/07/2019 16:25:24	29.681	14.367	10.291	7.456	5.075	1473.032	
12/07/2019 16:25:24	29.834	14.301	10.278	7.458	5.088	1472.807	
12/07/2019 16:25:24	30.013	14.198	10.252	7.458	5.105	1472.449	
12/07/2019 16:25:24	30.115	14.067	10.233	7.468	5.134	1472.003	
12/07/2019 16:25:25	30.143	13.917	10.222	7.488	5.173	1471.500	
12/07/2019 16:25:25	30.142	13.768	10.208	7.506	5.210	1470.994	
12/07/2019 16:25:25	30.187	13.65	10.197	7.520	5.239	1470.593	
12/07/2019 16:25:25	30.237	13.555	10.192	7.535	5.265	1470.273	
12/07/2019 16:25:26	30.251	13.486	10.19	7.547	5.284	1470.042	
12/07/2019 16:25:26	30.212	13.415	10.199	7.568	5.311	1469.813	
12/07/2019 16:25:26	30.179	13.371	10.211	7.586	5.331	1469.677	
12/07/2019 16:25:26	30.168	13.367	10.213	7.588	5.334	1469.665	
12/07/2019 16:25:27	30.168	13.396	10.218	7.587	5.328	1469.767	
12/07/2019 16:25:27	30.205	13.431	10.216	7.578	5.317	1469.882	
12/07/2019 16:25:27	30.216	13.464	10.213	7.569	5.305	1469.990	
12/07/2019 16:25:27	30.219	13.488	10.215	7.566	5.299	1470.072	
12/07/2019 16:25:28	30.23	13.505	10.213	7.561	5.293	1470.127	
12/07/2019 16:25:28	30.282	13.468	10.209	7.565	5.301	1470.000	
12/07/2019 16:25:28	30.367	13.431	10.221	7.582	5.320	1469.890	
12/07/2019 16:25:28	30.493	13.396	10.232	7.598	5.338	1469.785	
12/07/2019 16:25:29	30.625	13.343	10.235	7.611	5.357	1469.613	
12/07/2019 16:25:29	30.728	13.258	10.222	7.617	5.375	1469.318	
12/07/2019 16:25:29	30.87	13.131	10.205	7.629	5.403	1468.878	
12/07/2019 16:25:29	30.947	12.997	10.183	7.638	5.430	1468.407	
12/07/2019 16:25:30	30.992	12.861	10.161	7.647	5.457	1467.928	
12/07/2019 16:25:30	31.045	12.726	10.14	7.657	5.484	1467.451	
12/07/2019 16:25:30	31.066	12.627	10.101	7.645	5.489	1467.077	
12/07/2019 16:25:30	31.063	12.536	10.093	7.657	5.511	1466.759	
12/07/2019 16:25:31	31.065	12.457	10.093	7.673	5.534	1466.489	
12/07/2019 16:25:31	31.08	12.394	10.096	7.689	5.555	1466.277	
12/07/2019 16:25:31	31.084	12.352	10.099	7.700	5.569	1466.137	
12/07/2019 16:25:31	31.067	12.334	10.105	7.708	5.578	1466.081	
12/07/2019 16:25:32	31.08	12.33	10.092	7.698	5.571	1466.054	
12/07/2019 16:25:32	31.151	12.344	10.069	7.677	5.553	1466.081	
12/07/2019 16:25:32	31.227	12.345	10.042	7.654	5.536	1466.059	
12/07/2019 16:25:32	31.31	12.31	10.019	7.642	5.532	1465.918	
12/07/2019 16:25:33	31.396	12.286	10.02	7.648	5.540	1465.838	
12/07/2019 16:25:33	31.509	12.218	10.002	7.647	5.549	1465.588	
12/07/2019 16:25:33	31.687	12.13	9.98	7.647	5.562	1465.267	
12/07/2019 16:25:33	31.865	12.004	9.929	7.630	5.566	1464.784	
12/07/2019 16:25:34	32	11.865	9.913	7.645	5.597	1464.289	
12/07/2019 16:25:34	31.995	11.745	9.912	7.669	5.631	1463.871	
12/07/2019 16:25:34	31.902	11.653	9.921	7.695	5.663	1463.559	
12/07/2019 16:25:34	31.868	11.618	9.918	7.700	5.671	1463.433	
12/07/2019 16:25:35	31.918	11.612	9.92	7.703	5.674	1463.415	
12/07/2019 16:25:35	31.97	11.609	9.922	7.705	5.677	1463.407	
12/07/2019 16:25:35	32.07	11.616	9.899	7.685	5.660	1463.410	
12/07/2019 16:25:35	32.204	11.622	9.875	7.663	5.644	1463.409	
12/07/2019 16:25:36	32.292	11.598	9.873	7.666	5.650	1463.325	
12/07/2019 16:25:36	32.398	11.554	9.868	7.671	5.660	1463.168	
12/07/2019 16:25:36	32.526	11.499	9.858	7.674	5.669	1462.968	
12/07/2019 16:25:36	32.689	11.417	9.836	7.673	5.679	1462.661	
12/07/2019 16:25:37	32.858	11.317	9.811	7.672	5.692	1462.287	
12/07/2019 16:25:37	33.03	11.223	9.799	7.682	5.712	1461.947	
12/07/2019 16:25:37	33.151	11.156	9.787	7.685	5.724	1461.700	
12/07/2019 16:25:37	33.188	11.111	9.779	7.688	5.732	1461.534	
12/07/2019 16:25:38	33.152	11.076	9.778	7.694	5.741	1461.409	
12/07/2019 16:25:38	33.113	11.047	9.784	7.705	5.753	1461.312	
12/07/2019 16:25:38	33.116	11.038	9.786	7.709	5.757	1461.282	
12/07/2019 16:25:38	33.141	11.034	9.788	7.712	5.759	1461.270	
12/07/2019 16:25:39	33.132	11.031	9.79	7.714	5.761	1461.261	
12/07/2019 16:25:39	33.099	11.03	9.791	7.715	5.762	1461.258	
12/07/2019 16:25:39	33.105	11.022	9.787	7.713	5.762	1461.226	
12/07/2019 16:25:39	33.154	11.013	9.787	7.715	5.765	1461.195	
12/07/2019 16:25:40	33.221	11.014	9.785	7.713	5.763	1461.198	
12/07/2019 16:25:40	33.298	11.013	9.773	7.703	5.756	1461.183	
12/07/2019 16:25:40	33.406	11.027	9.76	7.689	5.744	1461.221	
12/07/2019 16:25:40	33.547	11.047	9.764	7.688	5.742	1461.298	
12/07/2019 16:25:41	33.695	11.05	9.765	7.689	5.742	1461.312	
12/07/2019 16:25:41	33.82	11.038	9.746	7.675	5.734	1461.252	
12/07/2019 16:25:41	33.849	11.014	9.735	7.671	5.733	1461.156	
12/07/2019 16:25:41	33.883	10.978	9.728	7.672	5.739	1461.022	
12/07/2019 16:25:42	33.974	10.925	9.72	7.676	5.749	1460.827	
12/07/2019 16:25:42	34.065	10.898	9.69	7.656	5.737	1460.702	
12/07/2019 16:25:42	34.09	10.881	9.684	7.655	5.738	1460.636	
12/07/2019 16:25:42	34.057	10.855	9.7	7.674	5.756	1460.560	
12/07/2019 16:25:43	34.039	10.832	9.711	7.688	5.770	1460.489	
12/07/2019 16:25:43	34.052	10.825	9.718	7.696	5.776	1460.471	
12/07/2019 16:25:43	34.07	10.822	9.72	7.698	5.778	1460.463	
12/07/2019 16:25:43	34.089	10.821	9.718	7.696	5.778	1460.458	
12/07/2019 16:25:44	34.089	10.832	9.72	7.696	5.776	1460.499	
12/07/2019 16:25:44	34.083	10.843	9.723	7.696	5.775	1460.541	
12/07/2019 16:25:44	34.077	10.843	9.722	7.695	5.774	1460.540	
12/07/2019 16:25:44	34.11	10.836	9.72	7.695	5.775	1460.513	
12/07/2019 16:25:45	34.172	10.831	9.711	7.688	5.770	1460.487	
12/07/2019 16:25:45	34.268	10.842	9.686	7.665	5.751	1460.502	
12/07/2019 16:25:45	34.39	10.844	9.677	7.657	5.745	1460.502	
12/07/2019 16:25:45	34.51	10.814	9.674	7.660	5.752	1460.394	
12/07/2019 16:25:46	34.614	10.753	9.651	7.653	5.755	1460.155	
12/07/2019 16:25:46	34.72	10.688	9.646	7.663	5.770	1459.919	
12/07/2019 16:25:46	34.797	10.633	9.649	7.677	5.788	1459.727	
12/07/2019 16:25:46	34.905	10.58	9.644	7.683	5.800	1459.534	
12/07/2019 16:25:47	34.957	10.542	9.637	7.685	5.806	1459.391	
12/07/2019 16:25:47	34.93	10.51	9.638	7.693	5.815	1459.277	
12/07/2019 16:25:47	34.888	10.476	9.64	7.702	5.826	1459.157	
12/07/2019 16:25:47	34.886	10.457	9.635	7.702	5.828	1459.083	
12/07/2019 16:25:48	34.928	10.45	9.639	7.706	5.833	1459.063	
12/07/2019 16:25:48	34.932	10.453	9.643	7.709	5.834	1459.078	
12/07/2019 16:25:48	34.905	10.46	9.648	7.712	5.836	1459.108	
12/07/2019 16:25:48	34.879	10.471	9.649	7.711	5.833	1459.148	
12/07/2019 16:25:49	34.919	10.476	9.648	7.709	5.831	1459.166	
12/07/2019 16:25:49	34.986	10.482	9.647	7.707	5.829	1459.187	
12/07/2019 16:25:49	35.059	10.488	9.635	7.695	5.820	1459.197	
12/07/2019 16:25:49	35.133	10.488	9.628	7.689	5.816	1459.191	
12/07/2019 16:25:50	35.198	10.487	9.623	7.685	5.813	1459.184	
12/07/2019 16:25:50	35.275	10.481	9.617	7.681	5.811	1459.157	
12/07/2019 16:25:50	35.33	10.477	9.617	7.682	5.812	1459.144	
12/07/2019 16:25:50	35.394	10.453	9.611	7.682	5.815	1459.052	
12/07/2019 16:25:51	35.478	10.429	9.609	7.685	5.821	1458.965	
12/07/2019 16:25:51	35.559	10.406	9.606	7.687	5.826	1458.881	
12/07/2019 16:25:51	35.661	10.373	9.6	7.689	5.831	1458.757	
12/07/2019 16:25:51	35.723	10.342	9.583	7.681	5.829	1458.629	
12/07/2019 16:25:52	35.721	10.31	9.587	7.691	5.840	1458.518	
12/07/2019 16:25:52	35.674	10.272	9.589	7.701	5.852	1458.382	
12/07/2019 16:25:52	35.684	10.246	9.584	7.702	5.856	1458.283	
12/07/2019 16:25:52	35.756	10.236	9.574	7.695	5.852	1458.238	
12/07/2019 16:25:53	35.843	10.241	9.551	7.674	5.836	1458.233	
12/07/2019 16:25:53	36.012	10.229	9.529	7.658	5.825	1458.169	
12/07/2019 16:25:53	36.202	10.197	9.522	7.658	5.830	1458.049	
12/07/2019 16:25:53	36.378	10.14	9.511	7.661	5.839	1457.834	
12/07/2019 16:25:54	36.552	10.065	9.494	7.662	5.849	1457.547	
12/07/2019 16:25:54	36.67	9.985	9.466	7.654	5.852	1457.229	
12/07/2019 16:25:54	36.73	9.915	9.44	7.647	5.854	1456.948	
12/07/2019 16:25:54	36.747	9.86	9.423	7.643	5.858	1456.730	
12/07/2019 16:25:55	36.727	9.813	9.435	7.664	5.878	1456.571	
12/07/2019 16:25:55	36.656	9.788	9.455	7.687	5.898	1456.500	
12/07/2019 16:25:55	36.594	9.797	9.466	7.694	5.903	1456.543	
12/07/2019 16:25:55	36.565	9.819	9.471	7.694	5.900	1456.629	
12/07/2019 16:25:56	36.569	9.835	9.476	7.695	5.900	1456.692	
12/07/2019 16:25:56	36.58	9.854	9.477	7.692	5.895	1456.763	
12/07/2019 16:25:56	36.638	9.854	9.475	7.690	5.894	1456.762	
12/07/2019 16:25:56	36.761	9.857	9.458	7.675	5.882	1456.756	
12/07/2019 16:25:57	36.946	9.861	9.44	7.658	5.870	1456.755	
12/07/2019 16:25:57	37.158	9.834	9.421	7.647	5.865	1456.639	
12/07/2019 16:25:57	37.38	9.756	9.405	7.649	5.876	1456.341	
12/07/2019 16:25:57	37.603	9.639	9.386	7.658	5.896	1455.896	
12/07/2019 16:25:58	37.767	9.505	9.338	7.644	5.900	1455.355	
12/07/2019 16:25:58	37.813	9.386	9.309	7.643	5.912	1454.886	
12/07/2019 16:25:58	37.743	9.279	9.319	7.675	5.947	1454.501	
12/07/2019 16:25:58	37.673	9.229	9.336	7.701	5.972	1454.333	
12/07/2019 16:25:59	37.66	9.243	9.343	7.704	5.973	1454.392	
12/07/2019 16:25:59	37.673	9.278	9.346	7.699	5.966	1454.525	
12/07/2019 16:25:59	37.691	9.307	9.34	7.688	5.954	1454.626	
12/07/2019 16:25:59	37.794	9.305	9.325	7.675	5.945	1454.604	
12/07/2019 16:26:00	37.909	9.299	9.287	7.642	5.920	1454.543	
12/07/2019 16:26:00	38.012	9.283	9.262	7.624	5.908	1454.458	
12/07/2019 16:26:00	38.107	9.248	9.266	7.635	5.920	1454.334	
12/07/2019 16:26:00	38.229	9.202	9.257	7.636	5.927	1454.156	
12/07/2019 16:26:01	38.386	9.147	9.245	7.638	5.934	1453.942	
12/07/2019 16:26:01	38.508	9.094	9.225	7.631	5.935	1453.725	
12/07/2019 16:26:01	38.563	9.03	9.206	7.628	5.938	1453.467	
12/07/2019 16:26:01	38.545	8.949	9.207	7.646	5.960	1453.166	
12/07/2019 16:26:02	38.506	8.885	9.218	7.670	5.985	1452.939	
12/07/2019 16:26:02	38.5	8.855	9.218	7.676	5.993	1452.827	
12/07/2019 16:26:02	38.537	8.851	9.22	7.679	5.995	1452.815	
12/07/2019 16:26:02	38.563	8.859	9.222	7.679	5.995	1452.847	
12/07/2019 16:26:03	38.54	8.864	9.235	7.689	6.002	1452.880	
12/07/2019 16:26:03	38.535	8.877	9.233	7.685	5.997	1452.926	
12/07/2019 16:26:03	38.64	8.888	9.201	7.654	5.973	1452.933	
12/07/2019 16:26:03	38.811	8.89	9.124	7.584	5.919	1452.859	
12/07/2019 16:26:04	39.041	8.758	9.083	7.576	5.926	1452.323	
12/07/2019 16:26:04	39.287	8.455	9.052	7.613	5.983	1451.153	
12/07/2019 16:26:04	39.485	8.178	9.013	7.637	6.028	1450.063	
12/07/2019 16:26:04	39.536	7.998	8.988	7.653	6.056	1449.350	
12/07/2019 16:26:05	39.467	7.883	8.989	7.679	6.085	1448.911	
12/07/2019 16:26:05	39.396	7.829	8.998	7.700	6.105	1448.714	
12/07/2019 16:26:05	39.41	7.823	9.002	7.705	6.109	1448.695	
12/07/2019 16:26:05	39.48	7.818	9.005	7.708	6.113	1448.681	
12/07/2019 16:26:06	39.532	7.802	8.998	7.705	6.112	1448.612	
12/07/2019 16:26:06	39.613	7.79	8.978	7.690	6.101	1448.545	
12/07/2019 16:26:06	39.731	7.796	8.964	7.675	6.090	1448.554	
12/07/2019 16:26:06	39.84	7.8	8.96	7.671	6.087	1448.566	
12/07/2019 16:26:07	39.961	7.792	8.967	7.679	6.095	1448.545	
12/07/2019 16:26:07	40.066	7.781	8.966	7.681	6.097	1448.504	
12/07/2019 16:26:07	40.066	7.755	8.972	7.692	6.108	1448.411	
12/07/2019 16:26:07	40.033	7.719	8.972	7.700	6.117	1448.272	
12/07/2019 16:26:08	40.045	7.693	8.974	7.707	6.125	1448.175	
12/07/2019 16:26:08	40.083	7.675	8.97	7.708	6.127	1448.102	
12/07/2019 16:26:08	40.216	7.671	8.945	7.685	6.110	1448.060	
12/07/2019 16:26:08	40.358	7.681	8.944	7.682	6.108	1448.099	
12/07/2019 16:26:09	40.41	7.682	8.951	7.688	6.113	1448.112	
12/07/2019 16:26:09	40.41	7.671	8.958	7.697	6.121	1448.078	
12/07/2019 16:26:09	40.372	7.65	8.956	7.700	6.124	1447.994	
12/07/2019 16:26:09	40.428	7.636	8.955	7.702	6.127	1447.940	
12/07/2019 16:26:10	40.501	7.63	8.953	7.702	6.128	1447.916	
12/07/2019 16:26:10	40.594	7.629	8.936	7.686	6.116	1447.894	
12/07/2019 16:26:10	40.719	7.636	8.938	7.686	6.116	1447.925	
12/07/2019 16:26:10	40.822	7.639	8.943	7.690	6.120	1447.944	
12/07/2019 16:26:11	40.943	7.633	8.941	7.690	6.120	1447.920	
12/07/2019 16:26:11	41.04	7.625	8.932	7.683	6.116	1447.881	
12/07/2019 16:26:11	41.099	7.623	8.928	7.680	6.114	1447.869	
12/07/2019 16:26:11	41.11	7.614	8.929	7.683	6.117	1447.836	
12/07/2019 16:26:12	41.078	7.598	8.937	7.694	6.127	1447.783	
12/07/2019 16:26:12	41.019	7.578	8.938	7.699	6.132	1447.706	
12/07/2019 16:26:12	40.993	7.57	8.939	7.702	6.135	1447.676	
12/07/2019 16:26:12	41.05	7.566	8.941	7.705	6.138	1447.664	
12/07/2019 16:26:13	41.124	7.567	8.934	7.698	6.133	1447.661	
12/07/2019 16:26:13	41.194	7.573	8.934	7.697	6.132	1447.685	
12/07/2019 16:26:13	41.228	7.577	8.936	7.698	6.132	1447.704	
12/07/2019 16:26:13	41.325	7.582	8.921	7.683	6.121	1447.707	
12/07/2019 16:26:14	41.46	7.586	8.919	7.680	6.119	1447.722	
12/07/2019 16:26:14	41.59	7.585	8.924	7.685	6.123	1447.726	
12/07/2019 16:26:14	41.673	7.579	8.926	7.688	6.127	1447.707	
12/07/2019 16:26:14	41.748	7.58	8.926	7.688	6.127	1447.712	
12/07/2019 16:26:15	41.83	7.578	8.926	7.688	6.128	1447.705	
12/07/2019 16:26:15	41.924	7.572	8.932	7.695	6.134	1447.691	
12/07/2019 16:26:15	42.028	7.572	8.929	7.692	6.132	1447.689	
12/07/2019 16:26:15	42.076	7.576	8.93	7.692	6.132	1447.706	
12/07/2019 16:26:16	42.07	7.569	8.934	7.697	6.137	1447.684	
12/07/2019 16:26:16	42.018	7.555	8.936	7.702	6.141	1447.631	
12/07/2019 16:26:16	41.965	7.547	8.935	7.703	6.142	1447.598	
12/07/2019 16:26:16	41.97	7.542	8.931	7.701	6.141	1447.575	
12/07/2019 16:26:17	42.028	7.539	8.935	7.705	6.145	1447.569	
12/07/2019 16:26:17	42.073	7.546	8.934	7.702	6.142	1447.595	
12/07/2019 16:26:17	42.098	7.548	8.934	7.702	6.142	1447.603	
12/07/2019 16:26:17	42.169	7.544	8.925	7.695	6.137	1447.579	
12/07/2019 16:26:18	42.294	7.54	8.921	7.692	6.136	1447.561	
12/07/2019 16:26:18	42.371	7.544	8.926	7.695	6.139	1447.583	
12/07/2019 16:26:18	42.386	7.541	8.932	7.702	6.144	1447.579	
12/07/2019 16:26:18	42.385	7.534	8.935	7.706	6.148	1447.555	
12/07/2019 16:26:19	42.388	7.532	8.941	7.712	6.153	1447.554	
12/07/2019 16:26:19	42.388	7.535	8.945	7.715	6.155	1447.570	
12/07/2019 16:26:19	42.389	7.539	8.946	7.715	6.154	1447.587	
12/07/2019 16:26:19	42.388	7.543	8.951	7.719	6.157	1447.608	
12/07/2019 16:26:20	42.392	7.552	8.953	7.719	6.156	1447.645	
12/07/2019 16:26:20	42.394	7.563	8.952	7.715	6.153	1447.687	
12/07/2019 16:26:20	42.396	7.574	8.948	7.709	6.147	1447.724	
12/07/2019 16:26:20	42.401	7.579	8.949	7.709	6.147	1447.745	
12/07/2019 16:26:21	42.422	7.597	8.95	7.706	6.143	1447.816	
12/07/2019 16:26:21	42.462	7.636	8.948	7.695	6.132	1447.964	
12/07/2019 16:26:21	42.512	7.667	8.938	7.679	6.117	1448.073	
12/07/2019 16:26:21	42.51	7.641	8.937	7.684	6.123	1447.971	
12/07/2019 16:26:22	42.51	7.611	8.941	7.695	6.133	1447.861	
12/07/2019 16:26:22	42.51	7.581	8.946	7.706	6.144	1447.751	
12/07/2019 16:26:22	42.509	7.556	8.953	7.718	6.156	1447.663	
12/07/2019 16:26:22	42.508	7.542	8.955	7.723	6.161	1447.611	
12/07/2019 16:26:23	42.511	7.537	8.958	7.727	6.164	1447.595	
12/07/2019 16:26:23	42.511	7.542	8.961	7.728	6.165	1447.618	
12/07/2019 16:26:23	42.51	7.547	8.964	7.730	6.166	1447.641	
12/07/2019 16:26:23	42.509	7.556	8.966	7.730	6.165	1447.678	
12/07/2019 16:26:24	42.511	7.572	8.968	7.728	6.163	1447.742	
12/07/2019 16:26:24	42.509	7.59	8.973	7.729	6.162	1447.817	
12/07/2019 16:26:24	42.509	7.611	8.972	7.723	6.156	1447.896	
12/07/2019 16:26:24	42.508	7.624	8.977	7.725	6.156	1447.952	
12/07/2019 16:26:25	42.509	7.631	8.979	7.725	6.156	1447.981	
12/07/2019 16:26:25	42.508	7.634	8.978	7.724	6.154	1447.992	
12/07/2019 16:26:25	42.507	7.637	8.982	7.727	6.156	1448.008	
12/07/2019 16:26:25	42.506	7.641	8.981	7.725	6.155	1448.022	
12/07/2019 16:26:26	42.509	7.648	8.981	7.723	6.153	1448.049	
12/07/2019 16:26:26	42.509	7.654	8.983	7.724	6.153	1448.074	
12/07/2019 16:26:26	42.508	7.659	8.983	7.723	6.152	1448.093	
12/07/2019 16:26:26	42.508	7.666	8.986	7.724	6.152	1448.124	
12/07/2019 16:26:27	42.511	7.674	8.986	7.722	6.150	1448.155	
12/07/2019 16:26:27	42.511	7.677	8.984	7.720	6.148	1448.164	
12/07/2019 16:26:27	42.511	7.681	8.982	7.717	6.145	1448.177	
12/07/2019 16:26:27	42.513	7.683	8.986	7.720	6.148	1448.189	
12/07/2019 16:26:28	42.515	7.685	8.987	7.721	6.148	1448.198	
12/07/2019 16:26:28	42.515	7.687	8.988	7.721	6.148	1448.207	
12/07/2019 16:26:28	42.516	7.691	8.991	7.723	6.149	1448.226	
12/07/2019 16:26:28	42.515	7.696	8.994	7.725	6.150	1448.248	
12/07/2019 16:26:29	42.519	7.7	8.996	7.726	6.151	1448.266	
12/07/2019 16:26:29	42.518	7.71	8.993	7.721	6.146	1448.301	
12/07/2019 16:26:29	42.518	7.716	8.997	7.723	6.147	1448.329	
12/07/2019 16:26:29	42.492	7.703	8.997	7.726	6.151	1448.278	
12/07/2019 16:26:30	42.462	7.693	8.99	7.722	6.148	1448.231	
12/07/2019 16:26:30	42.424	7.653	8.98	7.721	6.151	1448.066	
12/07/2019 16:26:30	42.402	7.61	8.931	7.686	6.126	1447.843	
12/07/2019 16:26:30	42.302	7.586	8.927	7.687	6.128	1447.745	
12/07/2019 16:26:31	42.125	7.563	8.922	7.688	6.130	1447.648	
12/07/2019 16:26:31	41.888	7.538	8.92	7.691	6.133	1447.545	
12/07/2019 16:26:31	41.633	7.523	8.918	7.693	6.135	1447.481	
12/07/2019 16:26:31	41.419	7.512	8.921	7.698	6.138	1447.439	
12/07/2019 16:26:32	41.224	7.507	8.919	7.697	6.137	1447.414	
12/07/2019 16:26:32	40.993	7.506	8.92	7.698	6.137	1447.408	
12/07/2019 16:26:32	40.83	7.504	8.917	7.696	6.135	1447.394	
12/07/2019 16:26:32	40.63	7.5	8.923	7.703	6.139	1447.382	
12/07/2019 16:26:33	40.462	7.497	8.922	7.702	6.138	1447.367	
12/07/2019 16:26:33	40.283	7.497	8.925	7.705	6.140	1447.367	
12/07/2019 16:26:33	40.038	7.503	8.929	7.708	6.140	1447.391	
12/07/2019 16:26:33	39.858	7.511	8.931	7.708	6.139	1447.422	
12/07/2019 16:26:34	39.643	7.521	8.936	7.710	6.139	1447.463	
12/07/2019 16:26:34	39.405	7.533	8.933	7.705	6.133	1447.502	
12/07/2019 16:26:34	39.206	7.545	8.936	7.705	6.131	1447.548	
12/07/2019 16:26:34	38.968	7.554	8.937	7.704	6.128	1447.580	
12/07/2019 16:26:35	38.782	7.564	8.936	7.701	6.124	1447.615	
12/07/2019 16:26:35	38.59	7.574	8.94	7.702	6.124	1447.655	
12/07/2019 16:26:35	38.419	7.586	8.947	7.706	6.125	1447.707	
12/07/2019 16:26:35	38.245	7.638	8.975	7.721	6.131	1447.936	
12/07/2019 16:26:36	38.015	7.755	9.01	7.727	6.126	1448.422	
12/07/2019 16:26:36	37.835	7.926	9.045	7.722	6.107	1449.113	
12/07/2019 16:26:36	37.682	8.117	9.087	7.718	6.088	1449.886	
12/07/2019 16:26:36	37.465	8.316	9.149	7.731	6.079	1450.707	
12/07/2019 16:26:37	37.256	8.479	9.171	7.715	6.052	1451.344	
12/07/2019 16:26:37	37.013	8.629	9.195	7.704	6.029	1451.931	
12/07/2019 16:26:37	36.795	8.779	9.24	7.712	6.020	1452.540	
12/07/2019 16:26:37	36.628	8.942	9.262	7.697	5.992	1453.170	
12/07/2019 16:26:38	36.384	9.067	9.304	7.707	5.987	1453.677	
12/07/2019 16:26:38	36.149	9.181	9.333	7.709	5.975	1454.128	
12/07/2019 16:26:38	35.947	9.311	9.375	7.718	5.969	1454.651	
12/07/2019 16:26:38	35.717	9.43	9.395	7.710	5.950	1455.108	
12/07/2019 16:26:39	35.552	9.526	9.427	7.718	5.945	1455.493	
12/07/2019 16:26:39	35.445	9.643	9.445	7.709	5.925	1455.940	
12/07/2019 16:26:39	35.215	9.749	9.463	7.702	5.908	1456.343	
12/07/2019 16:26:39	35.035	9.838	9.501	7.716	5.909	1456.705	
12/07/2019 16:26:40	34.928	9.921	9.514	7.710	5.894	1457.020	
12/07/2019 16:26:40	34.749	9.984	9.52	7.702	5.880	1457.252	
12/07/2019 16:26:40	34.556	10.032	9.539	7.708	5.879	1457.444	
12/07/2019 16:26:40	34.402	10.084	9.554	7.710	5.874	1457.645	
12/07/2019 16:26:41	34.16	10.133	9.558	7.703	5.862	1457.823	
12/07/2019 16:26:41	33.927	10.177	9.572	7.706	5.859	1457.993	
12/07/2019 16:26:41	33.791	10.241	9.591	7.709	5.853	1458.242	
12/07/2019 16:26:41	33.626	10.305	9.602	7.705	5.842	1458.482	
12/07/2019 16:26:42	33.416	10.358	9.618	7.708	5.837	1458.686	
12/07/2019 16:26:42	33.262	10.423	9.657	7.728	5.844	1458.958	
12/07/2019 16:26:42	33.069	10.51	9.666	7.717	5.825	1459.277	
12/07/2019 16:26:42	32.838	10.582	9.674	7.709	5.810	1459.539	
12/07/2019 16:26:43	32.692	10.635	9.685	7.707	5.801	1459.738	
12/07/2019 16:26:43	32.529	10.675	9.685	7.699	5.789	1459.878	
12/07/2019 16:26:43	32.309	10.707	9.694	7.700	5.785	1459.998	
12/07/2019 16:26:43	32.202	10.745	9.703	7.700	5.780	1460.141	
12/07/2019 16:26:44	32.058	10.809	9.732	7.711	5.781	1460.397	
12/07/2019 16:26:44	31.896	10.889	9.738	7.699	5.761	1460.685	
12/07/2019 16:26:44	31.762	10.953	9.753	7.699	5.753	1460.925	
12/07/2019 16:26:44	31.559	11.02	9.775	7.704	5.747	1461.182	
12/07/2019 16:26:45	31.393	11.077	9.79	7.705	5.740	1461.396	
12/07/2019 16:26:45	31.18	11.132	9.802	7.703	5.732	1461.599	
12/07/2019 16:26:45	30.924	11.2	9.835	7.717	5.733	1461.869	
12/07/2019 16:26:45	30.616	11.291	9.87	7.728	5.728	1462.220	
12/07/2019 16:26:46	30.312	11.448	9.933	7.748	5.723	1462.829	
12/07/2019 16:26:46	30.017	11.646	9.977	7.744	5.693	1463.560	
12/07/2019 16:26:46	29.707	11.841	10.053	7.767	5.684	1464.309	
12/07/2019 16:26:46	29.342	12.076	10.106	7.762	5.647	1465.168	
12/07/2019 16:26:47	29.016	12.344	10.166	7.757	5.605	1466.142	
12/07/2019 16:26:47	28.654	12.616	10.195	7.725	5.541	1467.092	
12/07/2019 16:26:47	28.376	12.962	10.239	7.690	5.464	1468.302	
12/07/2019 16:26:47	28.147	13.39	10.277	7.635	5.357	1469.770	
12/07/2019 16:26:48	27.857	13.741	10.344	7.619	5.290	1470.995	
12/07/2019 16:26:48	27.622	14.099	10.36	7.562	5.189	1472.186	
12/07/2019 16:26:48	27.396	14.389	10.375	7.517	5.108	1473.144	
12/07/2019 16:26:48	27.165	14.582	10.412	7.509	5.070	1473.801	
12/07/2019 16:26:49	27.001	14.737	10.43	7.493	5.031	1474.317	
12/07/2019 16:26:49	26.848	14.865	10.428	7.468	4.990	1474.725	
12/07/2019 16:26:49	26.655	14.945	10.432	7.455	4.966	1474.983	
12/07/2019 16:26:49	26.521	14.991	10.434	7.448	4.953	1475.131	
12/07/2019 16:26:50	26.345	15.019	10.433	7.442	4.942	1475.217	
12/07/2019 16:26:50	26.118	15.041	10.437	7.441	4.937	1475.287	
12/07/2019 16:26:50	25.968	15.053	10.446	7.446	4.938	1475.331	
12/07/2019 16:26:50	25.755	15.061	10.452	7.449	4.938	1475.359	
12/07/2019 16:26:51	25.526	15.066	10.454	7.450	4.936	1475.373	
12/07/2019 16:26:51	25.278	15.084	10.451	7.444	4.928	1475.424	
12/07/2019 16:26:51	25.057	15.093	10.46	7.449	4.929	1475.457	
12/07/2019 16:26:51	24.976	15.1	10.46	7.448	4.927	1475.478	
12/07/2019 16:26:52	24.93	15.082	10.459	7.451	4.932	1475.419	
12/07/2019 16:26:52	24.863	15.067	10.465	7.458	4.940	1475.375	
12/07/2019 16:26:52	24.631	15.07	10.465	7.457	4.938	1475.381	
12/07/2019 16:26:52	24.347	15.099	10.474	7.459	4.932	1475.477	
12/07/2019 16:26:53	24.1	15.127	10.483	7.461	4.928	1475.571	
12/07/2019 16:26:53	23.974	15.159	10.492	7.461	4.923	1475.679	
12/07/2019 16:26:53	23.82	15.174	10.489	7.456	4.915	1475.722	
12/07/2019 16:26:53	23.688	15.182	10.491	7.456	4.913	1475.747	
12/07/2019 16:26:54	23.601	15.172	10.491	7.458	4.916	1475.714	
12/07/2019 16:26:54	23.441	15.151	10.491	7.462	4.922	1475.644	
12/07/2019 16:26:54	23.257	15.152	10.487	7.459	4.919	1475.641	
12/07/2019 16:26:54	23.122	15.167	10.484	7.454	4.911	1475.684	
12/07/2019 16:26:55	22.966	15.177	10.482	7.450	4.906	1475.712	
12/07/2019 16:26:55	22.799	15.183	10.48	7.448	4.903	1475.726	
12/07/2019 16:26:55	22.659	15.184	10.481	7.448	4.902	1475.728	
12/07/2019 16:26:55	22.471	15.185	10.479	7.447	4.900	1475.727	
12/07/2019 16:26:56	22.279	15.188	10.483	7.449	4.900	1475.737	
12/07/2019 16:26:56	22.115	15.195	10.495	7.457	4.905	1475.767	
12/07/2019 16:26:56	22.04	15.206	10.494	7.454	4.900	1475.800	
12/07/2019 16:26:56	21.938	15.21	10.491	7.451	4.897	1475.809	
12/07/2019 16:26:57	21.811	15.209	10.493	7.453	4.898	1475.805	
12/07/2019 16:26:57	21.793	15.216	10.496	7.454	4.897	1475.830	
12/07/2019 16:26:57	21.701	15.205	10.491	7.452	4.897	1475.789	
12/07/2019 16:26:57	21.524	15.204	10.494	7.455	4.898	1475.785	
12/07/2019 16:26:58	21.349	15.209	10.491	7.451	4.894	1475.796	
12/07/2019 16:26:58	21.239	15.212	10.49	7.450	4.892	1475.803	
12/07/2019 16:26:58	21.102	15.214	10.492	7.451	4.892	1475.809	
12/07/2019 16:26:58	20.911	15.213	10.491	7.451	4.891	1475.801	
12/07/2019 16:26:59	20.757	15.212	10.498	7.456	4.895	1475.802	
12/07/2019 16:26:59	20.613	15.215	10.495	7.453	4.891	1475.807	
12/07/2019 16:26:59	20.456	15.221	10.492	7.450	4.887	1475.821	
12/07/2019 16:26:59	20.299	15.225	10.495	7.452	4.887	1475.833	
12/07/2019 16:27:00	20.173	15.226	10.501	7.456	4.890	1475.840	
12/07/2019 16:27:00	20.037	15.223	10.497	7.454	4.888	1475.825	
12/07/2019 16:27:00	19.871	15.222	10.494	7.451	4.885	1475.816	
12/07/2019 16:27:00	19.692	15.218	10.498	7.455	4.888	1475.804	
12/07/2019 16:27:01	19.58	15.221	10.496	7.453	4.886	1475.810	
12/07/2019 16:27:01	19.425	15.225	10.493	7.450	4.882	1475.817	
12/07/2019 16:27:01	19.278	15.229	10.498	7.453	4.883	1475.832	
12/07/2019 16:27:01	19.16	15.229	10.504	7.458	4.886	1475.836	
12/07/2019 16:27:02	19.07	15.238	10.507	7.458	4.884	1475.866	
12/07/2019 16:27:02	18.963	15.238	10.504	7.456	4.882	1475.861	
12/07/2019 16:27:02	18.81	15.235	10.502	7.455	4.881	1475.847	
12/07/2019 16:27:02	18.668	15.234	10.506	7.459	4.883	1475.846	
12/07/2019 16:27:03	18.508	15.23	10.507	7.460	4.884	1475.831	
12/07/2019 16:27:03	18.338	15.231	10.505	7.458	4.882	1475.830	
12/07/2019 16:27:03	18.179	15.234	10.504	7.457	4.880	1475.836	
12/07/2019 16:27:03	18.051	15.236	10.502	7.455	4.877	1475.838	
12/07/2019 16:27:04	17.884	15.239	10.5	7.453	4.875	1475.843	
12/07/2019 16:27:04	17.695	15.243	10.505	7.456	4.875	1475.858	
12/07/2019 16:27:04	17.584	15.25	10.504	7.454	4.872	1475.877	
12/07/2019 16:27:04	17.445	15.255	10.508	7.456	4.872	1475.894	
12/07/2019 16:27:05	17.274	15.255	10.507	7.455	4.871	1475.891	
12/07/2019 16:27:05	17.112	15.253	10.513	7.460	4.874	1475.887	
12/07/2019 16:27:05	17.029	15.254	10.516	7.463	4.875	1475.892	
12/07/2019 16:27:05	16.933	15.25	10.515	7.463	4.876	1475.876	
12/07/2019 16:27:06	16.791	15.248	10.512	7.461	4.874	1475.865	
12/07/2019 16:27:06	16.651	15.249	10.511	7.460	4.872	1475.865	
12/07/2019 16:27:06	16.521	15.25	10.511	7.460	4.871	1475.866	
12/07/2019 16:27:06	16.375	15.246	10.512	7.461	4.873	1475.852	
12/07/2019 16:27:07	16.236	15.244	10.51	7.460	4.871	1475.842	
12/07/2019 16:27:07	16.12	15.244	10.511	7.461	4.871	1475.841	
12/07/2019 16:27:07	16.046	15.248	10.509	7.458	4.869	1475.850	
12/07/2019 16:27:07	15.943	15.253	10.507	7.456	4.865	1475.863	
12/07/2019 16:27:08	15.77	15.252	10.504	7.454	4.863	1475.854	
12/07/2019 16:27:08	15.577	15.25	10.507	7.457	4.865	1475.847	
12/07/2019 16:27:08	15.42	15.253	10.509	7.458	4.864	1475.856	
12/07/2019 16:27:08	15.247	15.254	10.507	7.456	4.862	1475.855	
12/07/2019 16:27:09	15.038	15.256	10.508	7.456	4.861	1475.859	
12/07/2019 16:27:09	14.829	15.26	10.506	7.454	4.858	1475.866	
12/07/2019 16:27:09	14.701	15.266	10.509	7.455	4.857	1475.886	
12/07/2019 16:27:09	14.547	15.268	10.515	7.459	4.859	1475.895	
12/07/2019 16:27:10	14.392	15.268	10.51	7.456	4.855	1475.888	
12/07/2019 16:27:10	14.274	15.27	10.508	7.454	4.853	1475.891	
12/07/2019 16:27:10	14.094	15.272	10.507	7.453	4.851	1475.893	
12/07/2019 16:27:10	13.956	15.271	10.504	7.450	4.849	1475.885	
12/07/2019 16:27:11	13.811	15.267	10.506	7.453	4.851	1475.872	
12/07/2019 16:27:11	13.722	15.269	10.506	7.452	4.850	1475.877	
12/07/2019 16:27:11	13.625	15.273	10.504	7.450	4.847	1475.886	
12/07/2019 16:27:11	13.481	15.273	10.503	7.449	4.846	1475.883	
12/07/2019 16:27:12	13.338	15.271	10.504	7.451	4.846	1475.875	
12/07/2019 16:27:12	13.209	15.272	10.504	7.450	4.845	1475.876	
12/07/2019 16:27:12	13.074	15.276	10.51	7.454	4.847	1475.892	
12/07/2019 16:27:12	12.938	15.278	10.511	7.455	4.846	1475.897	
12/07/2019 16:27:13	12.801	15.279	10.511	7.454	4.845	1475.898	
12/07/2019 16:27:13	12.735	15.277	10.51	7.454	4.845	1475.890	
12/07/2019 16:27:13	12.654	15.274	10.51	7.455	4.846	1475.879	
12/07/2019 16:27:13	12.502	15.272	10.508	7.453	4.844	1475.869	
12/07/2019 16:27:14	12.299	15.27	10.507	7.453	4.844	1475.858	
12/07/2019 16:27:14	12.161	15.267	10.508	7.454	4.844	1475.847	
12/07/2019 16:27:14	12.041	15.269	10.505	7.452	4.842	1475.849	
12/07/2019 16:27:14	11.905	15.27	10.506	7.452	4.841	1475.851	
12/07/2019 16:27:15	11.767	15.272	10.504	7.451	4.839	1475.853	
12/07/2019 16:27:15	11.669	15.274	10.505	7.451	4.838	1475.859	
12/07/2019 16:27:15	11.617	15.277	10.511	7.455	4.841	1475.873	
12/07/2019 16:27:15	11.518	15.274	10.508	7.453	4.839	1475.859	
12/07/2019 16:27:16	11.356	15.272	10.507	7.453	4.839	1475.849	
12/07/2019 16:27:16	11.177	15.27	10.506	7.452	4.838	1475.839	
12/07/2019 16:27:16	11.084	15.272	10.506	7.452	4.837	1475.844	
12/07/2019 16:27:16	10.936	15.272	10.506	7.452	4.836	1475.841	
12/07/2019 16:27:17	10.751	15.276	10.506	7.451	4.834	1475.851	
12/07/2019 16:27:17	10.601	15.276	10.506	7.451	4.833	1475.849	
12/07/2019 16:27:17	10.524	15.279	10.508	7.452	4.833	1475.859	
12/07/2019 16:27:17	10.416	15.282	10.514	7.456	4.835	1475.872	
12/07/2019 16:27:18	10.248	15.284	10.511	7.454	4.832	1475.873	
12/07/2019 16:27:18	10.091	15.282	10.514	7.456	4.834	1475.867	
12/07/2019 16:27:18	10.039	15.286	10.517	7.458	4.834	1475.881	
12/07/2019 16:27:18	9.924	15.29	10.515	7.456	4.831	1475.890	
12/07/2019 16:27:19	9.764	15.289	10.515	7.456	4.831	1475.885	
12/07/2019 16:27:19	9.609	15.288	10.514	7.455	4.830	1475.878	
12/07/2019 16:27:19	9.438	15.288	10.512	7.454	4.828	1475.873	
12/07/2019 16:27:19	9.3	15.288	10.512	7.454	4.827	1475.871	
12/07/2019 16:27:20	9.136	15.289	10.512	7.454	4.826	1475.872	
12/07/2019 16:27:20	8.96	15.292	10.515	7.455	4.826	1475.881	
12/07/2019 16:27:20	8.858	15.294	10.517	7.457	4.826	1475.888	
12/07/2019 16:27:20	8.73	15.293	10.516	7.456	4.825	1475.882	
12/07/2019 16:27:21	8.52	15.291	10.518	7.458	4.826	1475.874	
12/07/2019 16:27:21	8.337	15.295	10.516	7.456	4.823	1475.882	
12/07/2019 16:27:21	8.175	15.297	10.515	7.455	4.821	1475.884	
12/07/2019 16:27:21	8.055	15.3	10.513	7.452	4.818	1475.890	
12/07/2019 16:27:22	7.843	15.299	10.514	7.453	4.818	1475.884	
12/07/2019 16:27:22	7.625	15.3	10.513	7.453	4.816	1475.883	
12/07/2019 16:27:22	7.465	15.301	10.518	7.456	4.818	1475.888	
12/07/2019 16:27:22	7.362	15.303	10.516	7.454	4.816	1475.891	
12/07/2019 16:27:23	7.164	15.302	10.514	7.453	4.814	1475.883	
12/07/2019 16:27:23	6.964	15.302	10.513	7.452	4.813	1475.879	
12/07/2019 16:27:23	6.777	15.303	10.514	7.453	4.812	1475.880	
12/07/2019 16:27:23	6.607	15.301	10.514	7.453	4.812	1475.871	
12/07/2019 16:27:24	6.543	15.304	10.517	7.455	4.813	1475.882	
12/07/2019 16:27:24	6.474	15.307	10.52	7.457	4.813	1475.893	
12/07/2019 16:27:24	6.306	15.309	10.519	7.456	4.811	1475.896	
12/07/2019 16:27:24	6.109	15.309	10.516	7.453	4.808	1475.890	
12/07/2019 16:27:25	5.912	15.309	10.518	7.455	4.809	1475.889	
12/07/2019 16:27:25	5.828	15.309	10.517	7.454	4.808	1475.886	
12/07/2019 16:27:25	5.748	15.309	10.516	7.453	4.807	1475.884	
12/07/2019 16:27:25	5.645	15.308	10.515	7.453	4.806	1475.878	
12/07/2019 16:27:26	5.496	15.304	10.514	7.453	4.806	1475.862	
12/07/2019 16:27:26	5.365	15.303	10.513	7.452	4.805	1475.856	
12/07/2019 16:27:26	5.239	15.302	10.513	7.452	4.805	1475.851	
12/07/2019 16:27:26	5.11	15.299	10.512	7.452	4.805	1475.838	
12/07/2019 16:27:27	4.972	15.296	10.513	7.454	4.806	1475.828	
12/07/2019 16:27:27	4.865	15.297	10.512	7.453	4.804	1475.828	
12/07/2019 16:27:27	4.778	15.298	10.512	7.452	4.804	1475.830	
12/07/2019 16:27:27	4.596	15.301	10.52	7.458	4.806	1475.844	
12/07/2019 16:27:28	4.369	15.321	10.543	7.472	4.813	1475.924	
12/07/2019 16:27:28	4.207	15.403	10.571	7.478	4.802	1476.207	
12/07/2019 16:27:28	4.042	15.501	10.607	7.487	4.792	1476.547	
12/07/2019 16:27:28	3.888	15.618	10.633	7.484	4.769	1476.937	
12/07/2019 16:27:29	3.798	15.774	10.654	7.471	4.731	1477.446	
12/07/2019 16:27:29	3.721	15.888	10.671	7.463	4.704	1477.817	
12/07/2019 16:27:29	3.565	15.987	10.72	7.481	4.700	1478.167	
12/07/2019 16:27:29	3.369	16.068	10.76	7.496	4.696	1478.452	
12/07/2019 16:27:30	3.176	16.16	10.785	7.498	4.680	1478.757	
12/07/2019 16:27:30	3.023	16.274	10.826	7.507	4.666	1479.144	
12/07/2019 16:27:30	2.861	16.369	10.83	7.492	4.637	1479.440	
12/07/2019 16:27:30	2.701	16.452	10.838	7.483	4.614	1479.701	
12/07/2019 16:27:31	2.627	16.514	10.836	7.470	4.592	1479.889	
12/07/2019 16:27:31	2.575	16.564	10.836	7.461	4.576	1480.042	
12/07/2019 16:27:31	2.349	16.595	10.839	7.457	4.566	1480.137	
12/07/2019 16:27:31	2.083	16.635	10.848	7.457	4.557	1480.263	
12/07/2019 16:27:32	1.91	16.677	10.857	7.455	4.548	1480.397	
12/07/2019 16:27:32	1.724	16.707	10.859	7.451	4.538	1480.488	
12/07/2019 16:27:32	1.552	16.732	10.861	7.448	4.530	1480.563	
12/07/2019 16:27:32	1.395	16.747	10.859	7.444	4.524	1480.605	
12/07/2019 16:27:33	1.256	16.757	10.86	7.443	4.520	1480.634	
12/07/2019 16:27:33	1.125	16.769	10.879	7.455	4.527	1480.685	
12/07/2019 16:27:33	0.925	16.793	10.878	7.450	4.517	1480.755	
12/07/2019 16:27:33	0.724	16.819	10.878	7.445	4.508	1480.831	
12/07/2019 16:27:34	0.586	16.842	10.884	7.445	4.503	1480.904	
12/07/2019 16:27:34	0.391	16.866	10.889	7.445	4.497	1480.979	
12/07/2019 16:27:34	0.174	16.884	10.892	7.443	4.492	1481.033	
12/07/2019 16:27:34	0.007	16.892	9.964	6.761	3.969	1480.273	
12/07/2019 16:27:35	-0.004	16.889	7.905	5.272	2.833	1478.549	
12/07/2019 16:27:35	-0.004	16.866	10.523	7.175	4.290	1480.663	
12/07/2019 16:27:35	0.084	16.851	10.572	7.214	4.323	1480.660	
12/07/2019 16:27:35	0.171	16.855	10.637	7.261	4.358	1480.728	
12/07/2019 16:27:36	0.186	16.856	10.7	7.307	4.393	1480.785	
12/07/2019 16:27:36	0.149	16.853	10.687	7.298	4.387	1480.764	
12/07/2019 16:27:36	0.046	16.847	10.676	7.291	4.382	1480.735	
12/07/2019 16:27:36	-0.002	16.841	9.964	6.769	3.985	1480.115	
12/07/2019 16:27:37	-0.004	16.819	0.787	0.462	-0.836	1472.716	
12/07/2019 16:27:37	-0.004	16.785	9.625	6.531	3.813	1479.657	
12/07/2019 16:27:37	-0.001	16.746	10.892	7.469	4.536	1480.607	
12/07/2019 16:27:37	0.025	16.737	10.893	7.471	4.540	1480.581	
12/07/2019 16:27:38	0.028	16.752	10.887	7.464	4.532	1480.622	
12/07/2019 16:27:38	-0.004	16.774	1.592	0.966	-0.441	1473.161	
12/07/2019 16:27:38	-0.004	16.753	0.51	0.296	-0.953	1472.298	
12/07/2019 16:27:38	-0.001	16.709	0.365	0.210	-1.011	1472.049	
12/07/2019 16:27:39	-0.001	16.656	0.203	0.117	-1.075	1471.760	
12/07/2019 16:27:39	-0.001	16.603	0.972	0.579	-0.709	1472.132	
12/07/2019 16:27:39	0.048	16.566	7.081	4.722	2.472	1476.848	
12/07/2019 16:27:39	0.202	16.626	8.255	5.559	3.101	1478.016	
12/07/2019 16:27:40	0.286	16.686	10.86	7.456	4.539	1480.401	
12/07/2019 16:27:40	0.291	16.732	10.863	7.450	4.526	1480.545	
12/07/2019 16:27:40	0.16	16.769	10.863	7.443	4.513	1480.656	
12/07/2019 16:27:40	0.003	16.795	10.494	7.166	4.296	1480.421	
12/07/2019 16:27:41	-0.005	16.805	2.566	1.595	0.036	1474.003	
12/07/2019 16:27:41	-0.003	16.775	0.046	0.030	-1.162	1472.054	
12/07/2019 16:27:41	-0.002	16.716	0.364	0.210	-1.013	1472.072	
12/07/2019 16:27:41	-0.001	16.651	0.544	0.317	-0.919	1471.982	
12/07/2019 16:27:42	-0.002	16.588	0.039	0.026	-1.133	1471.423	
12/07/2019 16:27:42	-0.003	16.531	0.014	0.014	-1.133	1471.216	
12/07/2019 16:27:42	-0.002	16.48	0.014	0.014	-1.124	1471.045	
12/07/2019 16:27:42	-0.003	16.434	0.013	0.013	-1.117	1470.889	
12/07/2019 16:27:43	-0.004	16.392	0.013	0.013	-1.110	1470.747	
12/07/2019 16:27:43	-0.003	16.353	0.013	0.013	-1.104	1470.615	
12/07/2019 16:27:43	-0.004	16.314	0.011	0.012	-1.098	1470.482	
12/07/2019 16:27:43	-0.004	16.273	0.012	0.013	-1.091	1470.344	
12/07/2019 16:27:44	-0.007	16.233	0.012	0.013	-1.084	1470.208	
12/07/2019 16:27:44	-0.006	16.192	0.01	0.012	-1.078	1470.068	
12/07/2019 16:27:44	-0.007	16.153	0.01	0.012	-1.072	1469.935	
12/07/2019 16:27:44	-0.006	16.114	0.009	0.011	-1.066	1469.802	
12/07/2019 16:27:45	-0.007	16.08	0.006	0.010	-1.061	1469.685	
12/07/2019 16:27:45	-0.007	16.056	0.01	0.012	-1.056	1469.605	
12/07/2019 16:27:45	-0.007	16.036	0.009	0.011	-1.053	1469.537	
12/07/2019 16:27:45	-0.007	16.015	0.01	0.012	-1.049	1469.466	
12/07/2019 16:27:46	-0.008	15.991	0.009	0.011	-1.046	1469.383	
12/07/2019 16:27:46	-0.007	15.969	0.009	0.011	-1.042	1469.308	
12/07/2019 16:27:46	-0.007	15.949	0.011	0.012	-1.038	1469.241	
12/07/2019 16:27:46	-0.006	15.929	0.011	0.012	-1.035	1469.172	
12/07/2019 16:27:47	-0.008	15.912	0.009	0.011	-1.033	1469.113	
12/07/2019 16:27:47	-0.008	15.896	0.011	0.012	-1.029	1469.060	
12/07/2019 16:27:47	-0.007	15.878	0.009	0.011	-1.027	1468.997	
12/07/2019 16:27:47	-0.007	15.862	0.011	0.012	-1.024	1468.943	
12/07/2019 16:27:48	-0.009	15.846	0.01	0.012	-1.022	1468.888	
12/07/2019 16:27:48	-0.008	15.828	0.01	0.012	-1.019	1468.826	
12/07/2019 16:27:48	-0.006	15.813	0.008	0.011	-1.017	1468.774	
12/07/2019 16:27:48	-0.006	15.798	0.012	0.013	-1.013	1468.724	
12/07/2019 16:27:49	-0.007	15.78	0.009	0.011	-1.012	1468.661	
12/07/2019 16:27:49	-0.008	15.764	0.01	0.012	-1.009	1468.607	
12/07/2019 16:27:49	-0.008	15.743	0.009	0.011	-1.006	1468.534	
12/07/2019 16:27:49	-0.006	15.721	0.008	0.011	-1.002	1468.458	
12/07/2019 16:27:50	-0.009	15.698	0.01	0.012	-0.998	1468.380	
12/07/2019 16:27:50	-0.007	15.68	0.008	0.011	-0.996	1468.317	
12/07/2019 16:27:50	-0.008	15.661	0.009	0.011	-0.993	1468.252	
12/07/2019 16:27:50	-0.007	15.644	0.007	0.010	-0.991	1468.192	
12/07/2019 16:27:51	-0.009	15.628	0.008	0.011	-0.988	1468.138	
12/07/2019 16:27:51	-0.009	15.613	0.007	0.010	-0.986	1468.085	
12/07/2019 16:27:51	-0.008	15.601	0.009	0.011	-0.983	1468.045	
12/07/2019 16:27:51	-0.007	15.59	0.008	0.011	-0.982	1468.007	
12/07/2019 16:27:52	-0.009	15.578	0.009	0.011	-0.980	1467.966	
12/07/2019 16:27:52	-0.008	15.566	0.009	0.011	-0.978	1467.924	
12/07/2019 16:27:52	-0.008	15.555	0.008	0.011	-0.976	1467.886	
12/07/2019 16:27:52	-0.008	15.543	0.008	0.011	-0.974	1467.844	
12/07/2019 16:27:53	-0.008	15.533	0.008	0.011	-0.973	1467.810	
12/07/2019 16:27:53	-0.008	15.524	0.006	0.010	-0.972	1467.778	
12/07/2019 16:27:53	-0.008	15.514	0.007	0.010	-0.970	1467.744	
12/07/2019 16:27:53	-0.006	15.505	0.007	0.010	-0.969	1467.713	
12/07/2019 16:27:54	-0.009	15.497	0.009	0.011	-0.967	1467.686	
12/07/2019 16:27:54	-0.009	15.489	0.011	0.012	-0.965	1467.660	
12/07/2019 16:27:54	-0.007	15.482	0.011	0.012	-0.964	1467.635	
12/07/2019 16:27:54	-0.012	15.476	0.008	0.011	-0.964	1467.613	
12/07/2019 16:27:55	-0.015	15.469	0.007	0.010	-0.963	1467.588	
12/07/2019 16:27:55	0.011	15.462	0.008	0.011	-0.962	1467.565	
12/07/2019 16:27:55	-0.007	15.454	0.006	0.010	-0.961	1467.536	
12/07/2019 16:27:55	-0.004	15.446	0.007	0.010	-0.960	1467.509	
12/07/2019 16:27:56	-0.005	15.439	0.006	0.010	-0.959	1467.484	
12/07/2019 16:27:56	-0.005	15.43	0.005	0.009	-0.958	1467.452	
12/07/2019 16:27:56	-0.008	15.422	0.007	0.010	-0.956	1467.425	
12/07/2019 16:27:56	-0.008	15.418	0.004	0.009	-0.956	1467.410	
12/07/2019 16:27:57	-0.007	15.412	0.006	0.010	-0.955	1467.390	
12/07/2019 16:27:57	-0.007	15.407	0.007	0.010	-0.953	1467.373	
12/07/2019 16:27:57	-0.007	15.401	0.005	0.009	-0.953	1467.352	
12/07/2019 16:27:57	-0.007	15.394	0.005	0.009	-0.952	1467.327	
12/07/2019 16:27:58	-0.008	15.389	0.006	0.010	-0.951	1467.311	
12/07/2019 16:27:58	-0.007	15.383	0.006	0.010	-0.950	1467.290	
12/07/2019 16:27:58	-0.008	15.377	0.005	0.009	-0.949	1467.268	
12/07/2019 16:27:58	-0.007	15.371	0.006	0.010	-0.948	1467.248	
12/07/2019 16:27:59	-0.008	15.366	0.007	0.010	-0.947	1467.231	
12/07/2019 16:27:59	-0.007	15.359	0.007	0.010	-0.946	1467.207	
12/07/2019 16:27:59	-0.008	15.352	0.005	0.009	-0.946	1467.182	
12/07/2019 16:27:59	-0.007	15.346	0.004	0.009	-0.945	1467.160	
12/07/2019 16:28:00	-0.008	15.34	0.008	0.011	-0.943	1467.142	
12/07/2019 16:28:00	-0.008	15.336	0.007	0.010	-0.942	1467.127	
12/07/2019 16:28:00	-0.008	15.329	0.005	0.009	-0.942	1467.102	
12/07/2019 16:28:00	-0.008	15.32	0.005	0.009	-0.941	1467.071	
12/07/2019 16:28:01	-0.009	15.314	0.004	0.009	-0.940	1467.049	
12/07/2019 16:28:01	-0.008	15.306	0.006	0.010	-0.938	1467.022	
12/07/2019 16:28:01	-0.008	15.301	0.007	0.010	-0.937	1467.006	
12/07/2019 16:28:01	-0.007	15.295	0.007	0.010	-0.936	1466.985	
12/07/2019 16:28:02	-0.008	15.29	0.006	0.010	-0.936	1466.967	
12/07/2019 16:28:02	-0.007	15.284	0.006	0.010	-0.935	1466.946	
12/07/2019 16:28:02	-0.007	15.279	0.005	0.009	-0.934	1466.928	
12/07/2019 16:28:02	-0.007	15.272	0.007	0.010	-0.933	1466.905	
12/07/2019 16:28:03	-0.008	15.267	0.006	0.010	-0.932	1466.887	
12/07/2019 16:28:03	-0.007	15.261	0.006	0.010	-0.931	1466.866	
12/07/2019 16:28:03	-0.007	15.257	0.006	0.010	-0.931	1466.852	
12/07/2019 16:28:03	-0.007	15.253	0.007	0.010	-0.930	1466.839	
12/07/2019 16:28:04	-0.007	15.25	0.005	0.009	-0.930	1466.827	
12/07/2019 16:28:04	-0.007	15.247	0.006	0.010	-0.929	1466.817	
12/07/2019 16:28:04	-0.007	15.247	0.005	0.009	-0.929	1466.817	
12/07/2019 16:28:04	-0.007	15.248	0.007	0.010	-0.929	1466.821	
12/07/2019 16:28:05	-0.007	15.244	0.006	0.010	-0.929	1466.807	
12/07/2019 16:28:05	-0.008	15.244	0.007	0.010	-0.928	1466.807	
12/07/2019 16:28:05	-0.007	15.24	0.004	0.009	-0.929	1466.792	
12/07/2019 16:28:05	-0.007	15.238	0.005	0.009	-0.928	1466.786	
12/07/2019 16:28:06	-0.008	15.235	0.006	0.010	-0.927	1466.776	
12/07/2019 16:28:06	-0.008	15.23	0.006	0.010	-0.927	1466.758	
12/07/2019 16:28:06	-0.007	15.228	0.007	0.010	-0.926	1466.752	
12/07/2019 16:28:06	-0.006	15.225	0.008	0.011	-0.925	1466.742	
12/07/2019 16:28:07	-0.007	15.225	0.006	0.010	-0.926	1466.741	
12/07/2019 16:28:07	-0.007	15.225	0.007	0.010	-0.925	1466.741	
12/07/2019 16:28:07	-0.008	15.223	0.006	0.010	-0.925	1466.734	
12/07/2019 16:28:07	-0.007	15.223	0.006	0.010	-0.925	1466.734	
12/07/2019 16:28:08	-0.007	15.222	0.007	0.010	-0.925	1466.731	
12/07/2019 16:28:08	-0.005	15.222	0.007	0.010	-0.925	1466.731	
12/07/2019 16:28:08	-0.006	15.221	0.007	0.010	-0.925	1466.727	
12/07/2019 16:28:08	-0.005	15.218	0.006	0.010	-0.925	1466.716	
12/07/2019 16:28:09	-0.006	15.218	0.007	0.010	-0.924	1466.717	
